 ---------------------------------------------------------
                                                          
                      Using Pyscf:
                                                          
 ---------------------------------------------------------
                                                          
converged SCF energy = -1.582730964983

System and Method:
[('H', (0.458280907664828, 0.317506, -0.0)), ('H', (-0.229140453832414, 0.317506, -0.3968829)), ('H', (-0.229140453832414, 0.317506, 0.3968829)), ('H', (0.0, -0.952519, 0.0))]
Basis set                                      :       sto3g
Number of Orbitals                             :         4
Number of electrons                            :         4
Nuclear Repulsion                              :    3.1757929756 
Electronic SCF energy                          :   -4.7585239406 
SCF Energy                                     :   -1.5827309650
 AO->MO
 NElectrons:    2    2
 ecore:   0.00000000
 ERIs in the active-space:
(4, 4, 4, 4)    0.00204800 Mb
 n_orb:    4
 n_a  :    2
 n_b  :    2
 HF Energy:  -1.58273096
 Build reference state with    2 alpha and    2 beta electrons [0, 2, 1, 3]
 State    0:  -1.63248445 au  <S2>:   2.00000000
 Form singlet GSD operators
 Number of operators:  66
           (1' 0  ) : 00 11 00 11 
           (2' 0  ) : 00 11 00 11 
           (3' 0  ) : 00 11 00 11 
           (2' 1  ) : 00 11 00 11 
           (3' 1  ) : 00 11 00 11 
           (3' 2  ) : 00 11 00 11 
     (0' 0' 1  0  ) : 1010 0110 1010 1001 
     (0' 0' 2  0  ) : 1010 0110 1010 1001 
     (0' 0' 3  0  ) : 1010 0110 1010 1001 
     (0' 0' 1  1  ) : 1010 1010 
     (0' 0' 2  1  ) : 1010 0110 1010 1001 
     (0' 0' 3  1  ) : 1010 0110 1010 1001 
     (0' 0' 2  2  ) : 1010 1010 
     (0' 0' 3  2  ) : 1010 0110 1010 1001 
     (0' 0' 3  3  ) : 1010 1010 
     (1' 0' 2  0  ) : 0000 1111 1010 0101 1001 0110 0000 1111 1010 0101 0110 1001 
     (1' 0' 2  0  ) : 1010 0101 1001 0110 1010 0101 0110 1001 
     (1' 0' 3  0  ) : 0000 1111 1010 0101 1001 0110 0000 1111 1010 0101 0110 1001 
     (1' 0' 3  0  ) : 1010 0101 1001 0110 1010 0101 0110 1001 
     (1' 0' 1  1  ) : 1010 1001 1010 0110 
     (1' 0' 2  1  ) : 0000 1111 1010 0101 1001 0110 0000 1111 1010 0101 0110 1001 
     (1' 0' 2  1  ) : 1010 0101 1001 0110 1010 0101 0110 1001 
     (1' 0' 3  1  ) : 0000 1111 1010 0101 1001 0110 0000 1111 1010 0101 0110 1001 
     (1' 0' 3  1  ) : 1010 0101 1001 0110 1010 0101 0110 1001 
     (1' 0' 2  2  ) : 1010 1001 1010 0110 
     (1' 0' 3  2  ) : 0000 1111 1010 0101 1001 0110 0000 1111 1010 0101 0110 1001 
     (1' 0' 3  2  ) : 1010 0101 1001 0110 1010 0101 0110 1001 
     (1' 0' 3  3  ) : 1010 1001 1010 0110 
     (2' 0' 3  0  ) : 0000 1111 1010 0101 1001 0110 0000 1111 1010 0101 0110 1001 
     (2' 0' 3  0  ) : 1010 0101 1001 0110 1010 0101 0110 1001 
     (2' 0' 1  1  ) : 1010 1001 1010 0110 
     (2' 0' 2  1  ) : 0000 1111 1010 0101 1001 0110 0000 1111 1010 0101 0110 1001 
     (2' 0' 2  1  ) : 1010 0101 1001 0110 1010 0101 0110 1001 
     (2' 0' 3  1  ) : 0000 1111 1010 0101 1001 0110 0000 1111 1010 0101 0110 1001 
     (2' 0' 3  1  ) : 1010 0101 1001 0110 1010 0101 0110 1001 
     (2' 0' 2  2  ) : 1010 1001 1010 0110 
     (2' 0' 3  2  ) : 0000 1111 1010 0101 1001 0110 0000 1111 1010 0101 0110 1001 
     (2' 0' 3  2  ) : 1010 0101 1001 0110 1010 0101 0110 1001 
     (2' 0' 3  3  ) : 1010 1001 1010 0110 
     (3' 0' 1  1  ) : 1010 1001 1010 0110 
     (3' 0' 2  1  ) : 0000 1111 1010 0101 1001 0110 0000 1111 1010 0101 0110 1001 
     (3' 0' 2  1  ) : 1010 0101 1001 0110 1010 0101 0110 1001 
     (3' 0' 3  1  ) : 0000 1111 1010 0101 1001 0110 0000 1111 1010 0101 0110 1001 
     (3' 0' 3  1  ) : 1010 0101 1001 0110 1010 0101 0110 1001 
     (3' 0' 2  2  ) : 1010 1001 1010 0110 
     (3' 0' 3  2  ) : 0000 1111 1010 0101 1001 0110 0000 1111 1010 0101 0110 1001 
     (3' 0' 3  2  ) : 1010 0101 1001 0110 1010 0101 0110 1001 
     (3' 0' 3  3  ) : 1010 1001 1010 0110 
     (1' 1' 2  1  ) : 1010 0110 1010 1001 
     (1' 1' 3  1  ) : 1010 0110 1010 1001 
     (1' 1' 2  2  ) : 1010 1010 
     (1' 1' 3  2  ) : 1010 0110 1010 1001 
     (1' 1' 3  3  ) : 1010 1010 
     (2' 1' 3  1  ) : 0000 1111 1010 0101 1001 0110 0000 1111 1010 0101 0110 1001 
     (2' 1' 3  1  ) : 1010 0101 1001 0110 1010 0101 0110 1001 
     (2' 1' 2  2  ) : 1010 1001 1010 0110 
     (2' 1' 3  2  ) : 0000 1111 1010 0101 1001 0110 0000 1111 1010 0101 0110 1001 
     (2' 1' 3  2  ) : 1010 0101 1001 0110 1010 0101 0110 1001 
     (2' 1' 3  3  ) : 1010 1001 1010 0110 
     (3' 1' 2  2  ) : 1010 1001 1010 0110 
     (3' 1' 3  2  ) : 0000 1111 1010 0101 1001 0110 0000 1111 1010 0101 0110 1001 
     (3' 1' 3  2  ) : 1010 0101 1001 0110 1010 0101 0110 1001 
     (3' 1' 3  3  ) : 1010 1001 1010 0110 
     (2' 2' 3  2  ) : 1010 0110 1010 1001 
     (2' 2' 3  3  ) : 1010 1010 
     (3' 2' 3  3  ) : 1010 1001 1010 0110 
 Reference Energy:  -1.58273096
 Generate Sparse Matrices for operators in pool
 Start ADAPT-VQE algorithm
 Now start to grow the ansatz




 --------------------------------------------------------------------------
                         ADAPT-VQE iteration:  0
 --------------------------------------------------------------------------
 Check each new operator for coupling
 Measure Operator Pool Gradients:
 Variance:      0.04398421
 Uncertainty:   0.20972412
   12   0.20376839      (0' 0' 2  2  ) : 1010 1010 
   14   0.20376839      (0' 0' 3  3  ) : 1010 1010 
   24  -0.04854252      (1' 0' 2  2  ) : 1010 1001 1010 0110 
   27  -0.04854252      (1' 0' 3  3  ) : 1010 1001 1010 0110 
   50   0.01030891      (1' 1' 2  2  ) : 1010 1010 
   52   0.01030891      (1' 1' 3  3  ) : 1010 1010 
 Norm of <[H,A]> =   0.29659470
 Max  of <[H,A]> =   0.20376839
 Add operator   12
 Iter:   0 Current Energy =  -1.5870976027137778 Gradient Norm    1.6e-01 Gradient Max    1.6e-01
 Iter:   1 Current Energy =  -1.5932415945676548 Gradient Norm    6.3e-02 Gradient Max    6.3e-02
 Iter:   2 Current Energy =  -1.5943553081771622 Gradient Norm    2.4e-04 Gradient Max    2.4e-04
 Iter:   3 Current Energy =  -1.5943553239480723 Gradient Norm    9.8e-08 Gradient Max    9.8e-08
 Iter:   4 Current Energy =  -1.5943553239480748 Gradient Norm    5.8e-16 Gradient Max    5.8e-16
 Finished:      -1.594355323948
 -----------New ansatz----------- 
    #        Coeff               Term
    0  -0.11384727      (0' 0' 2  2  ) : 1010 1010 




 --------------------------------------------------------------------------
                         ADAPT-VQE iteration:  1
 --------------------------------------------------------------------------
 Check each new operator for coupling
 Measure Operator Pool Gradients:
 Variance:      0.02176136
 Uncertainty:   0.14751732
    0  -0.00418102            (1' 0  ) : 00 11 00 11 
    1   0.01493735            (2' 0  ) : 00 11 00 11 
    7  -0.01382222      (0' 0' 2  0  ) : 1010 0110 1010 1001 
    9   0.00059707      (0' 0' 1  1  ) : 1010 1010 
   14   0.19460680      (0' 0' 3  3  ) : 1010 1010 
   19   0.00418102      (1' 0' 1  1  ) : 1010 1001 1010 0110 
   20   0.01829444      (1' 0' 2  1  ) : 0000 1111 1010 0101 1001 0110 0000 1111 1010 0101 0110 1001 
   21  -0.01056230      (1' 0' 2  1  ) : 1010 0101 1001 0110 1010 0101 0110 1001 
   24  -0.05182448      (1' 0' 2  2  ) : 1010 1001 1010 0110 
   27  -0.04822862      (1' 0' 3  3  ) : 1010 1001 1010 0110 
   31   0.00512068      (2' 0' 2  1  ) : 0000 1111 1010 0101 1001 0110 0000 1111 1010 0101 0110 1001 
   32   0.00295643      (2' 0' 2  1  ) : 1010 0101 1001 0110 1010 0101 0110 1001 
   35  -0.00111513      (2' 0' 2  2  ) : 1010 1001 1010 0110 
   50   0.00740075      (1' 1' 2  2  ) : 1010 1010 
   52   0.01030891      (1' 1' 3  3  ) : 1010 1010 
   58   0.00020220      (2' 1' 3  3  ) : 1010 1001 1010 0110 
   64  -0.01570020      (2' 2' 3  3  ) : 1010 1010 
 Norm of <[H,A]> =   0.21029293
 Max  of <[H,A]> =   0.19460680
 Add operator   14
 Iter:   0 Current Energy =  -1.5983466816720002 Gradient Norm    1.5e-01 Gradient Max    1.5e-01
 Iter:   1 Current Energy =  -1.6039598398758961 Gradient Norm    6.1e-02 Gradient Max    6.1e-02
 Iter:   2 Current Energy =  -1.6049781799209457 Gradient Norm    4.9e-03 Gradient Max    4.9e-03
 Iter:   3 Current Energy =  -1.6049811639837264 Gradient Norm    3.7e-03 Gradient Max    3.7e-03
 Iter:   4 Current Energy =  -1.6049848266873583 Gradient Norm    8.0e-04 Gradient Max    8.0e-04
 Iter:   5 Current Energy =  -1.6049850046780354 Gradient Norm    9.0e-08 Gradient Max    9.0e-08
 Iter:   6 Current Energy =  -1.6049850046780378 Gradient Norm    1.2e-09 Gradient Max    1.2e-09
 Iter:   7 Current Energy =  -1.6049850046780381 Gradient Norm    1.4e-16 Gradient Max    1.1e-16
 Finished:      -1.604985004678
 -----------New ansatz----------- 
    #        Coeff               Term
    0  -0.10899609      (0' 0' 3  3  ) : 1010 1010 
    1  -0.10867381      (0' 0' 2  2  ) : 1010 1010 




 --------------------------------------------------------------------------
                         ADAPT-VQE iteration:  2
 --------------------------------------------------------------------------
 Check each new operator for coupling
 Measure Operator Pool Gradients:
 Variance:      0.00273074
 Uncertainty:   0.05225652
    0  -0.00793778            (1' 0  ) : 00 11 00 11 
    9   0.00115560      (0' 0' 1  1  ) : 1010 1010 
   19   0.00793778      (1' 0' 1  1  ) : 1010 1001 1010 0110 
   24  -0.05139395      (1' 0' 2  2  ) : 1010 1001 1010 0110 
   27  -0.05139395      (1' 0' 3  3  ) : 1010 1001 1010 0110 
   31   0.00486088      (2' 0' 2  1  ) : 0000 1111 1010 0101 1001 0110 0000 1111 1010 0101 0110 1001 
   32   0.00280643      (2' 0' 2  1  ) : 1010 0101 1001 0110 1010 0101 0110 1001 
   42   0.00486088      (3' 0' 3  1  ) : 0000 1111 1010 0101 1001 0110 0000 1111 1010 0101 0110 1001 
   43   0.00280643      (3' 0' 3  1  ) : 1010 0101 1001 0110 1010 0101 0110 1001 
   50   0.00760355      (1' 1' 2  2  ) : 1010 1010 
   52   0.00760355      (1' 1' 3  3  ) : 1010 1010 
 Norm of <[H,A]> =   0.07475737
 Max  of <[H,A]> =  -0.05139395
 Add operator   27
 Iter:   0 Current Energy =  -1.6063537758341955 Gradient Norm    2.3e-03 Gradient Max    1.9e-03
 Iter:   1 Current Energy =  -1.6063557848408128 Gradient Norm    1.1e-03 Gradient Max    1.1e-03
 Iter:   2 Current Energy =  -1.6063560921060496 Gradient Norm    2.8e-04 Gradient Max    2.3e-04
 Iter:   3 Current Energy =  -1.6063561185376882 Gradient Norm    5.5e-05 Gradient Max    5.2e-05
 Iter:   4 Current Energy =  -1.6063561191492328 Gradient Norm    3.1e-05 Gradient Max    3.1e-05
 Iter:   5 Current Energy =  -1.6063561194308065 Gradient Norm    1.7e-06 Gradient Max    1.6e-06
 Iter:   6 Current Energy =  -1.6063561194321665 Gradient Norm    2.1e-07 Gradient Max    1.9e-07
 Iter:   7 Current Energy =  -1.6063561194321869 Gradient Norm    3.3e-09 Gradient Max    2.5e-09
 Iter:   8 Current Energy =  -1.6063561194321874 Gradient Norm    2.2e-09 Gradient Max    1.6e-09
 Finished:      -1.606356119432
 -----------New ansatz----------- 
    #        Coeff               Term
    0   0.05333389      (1' 0' 3  3  ) : 1010 1001 1010 0110 
    1  -0.10977577      (0' 0' 3  3  ) : 1010 1010 
    2  -0.10847685      (0' 0' 2  2  ) : 1010 1010 




 --------------------------------------------------------------------------
                         ADAPT-VQE iteration:  3
 --------------------------------------------------------------------------
 Check each new operator for coupling
 Measure Operator Pool Gradients:
 Variance:      0.00135615
 Uncertainty:   0.03682599
    0  -0.00433677            (1' 0  ) : 00 11 00 11 
    1  -0.00089302            (2' 0  ) : 00 11 00 11 
    3   0.00486948            (2' 1  ) : 00 11 00 11 
    6   0.00065934      (0' 0' 1  0  ) : 1010 0110 1010 1001 
    7   0.00094098      (0' 0' 2  0  ) : 1010 0110 1010 1001 
    9   0.00193670      (0' 0' 1  1  ) : 1010 1010 
   10   0.00035021      (0' 0' 2  1  ) : 1010 0110 1010 1001 
   12   0.00000000      (0' 0' 2  2  ) : 1010 1010 
   14  -0.00000000      (0' 0' 3  3  ) : 1010 1010 
   15  -0.00556004      (1' 0' 2  0  ) : 0000 1111 1010 0101 1001 0110 0000 1111 1010 0101 0110 1001 
   16  -0.00317903      (1' 0' 2  0  ) : 1010 0101 1001 0110 1010 0101 0110 1001 
   19   0.00367743      (1' 0' 1  1  ) : 1010 1001 1010 0110 
   20  -0.00124136      (1' 0' 2  1  ) : 0000 1111 1010 0101 1001 0110 0000 1111 1010 0101 0110 1001 
   21   0.00054622      (1' 0' 2  1  ) : 1010 0101 1001 0110 1010 0101 0110 1001 
   24  -0.04767931      (1' 0' 2  2  ) : 1010 1001 1010 0110 
   30  -0.00006407      (2' 0' 1  1  ) : 1010 1001 1010 0110 
   31   0.00450391      (2' 0' 2  1  ) : 0000 1111 1010 0101 1001 0110 0000 1111 1010 0101 0110 1001 
   32   0.00260033      (2' 0' 2  1  ) : 1010 0101 1001 0110 1010 0101 0110 1001 
   35   0.00007259      (2' 0' 2  2  ) : 1010 1001 1010 0110 
   38   0.00019436      (2' 0' 3  3  ) : 1010 1001 1010 0110 
   42   0.00080752      (3' 0' 3  1  ) : 0000 1111 1010 0101 1001 0110 0000 1111 1010 0101 0110 1001 
   43   0.00046622      (3' 0' 3  1  ) : 1010 0101 1001 0110 1010 0101 0110 1001 
   45  -0.00014764      (3' 0' 3  2  ) : 0000 1111 1010 0101 1001 0110 0000 1111 1010 0101 0110 1001 
   46  -0.00008524      (3' 0' 3  2  ) : 1010 0101 1001 0110 1010 0101 0110 1001 
   48  -0.00489144      (1' 1' 2  1  ) : 1010 0110 1010 1001 
   50   0.00745584      (1' 1' 2  2  ) : 1010 1010 
   52   0.01745707      (1' 1' 3  3  ) : 1010 1010 
   58   0.00032346      (2' 1' 3  3  ) : 1010 1001 1010 0110 
   60  -0.00040383      (3' 1' 3  2  ) : 0000 1111 1010 0101 1001 0110 0000 1111 1010 0101 0110 1001 
   61  -0.00023315      (3' 1' 3  2  ) : 1010 0101 1001 0110 1010 0101 0110 1001 
   64   0.00179864      (2' 2' 3  3  ) : 1010 1010 
 Norm of <[H,A]> =   0.05285854
 Max  of <[H,A]> =  -0.04767931
 Add operator   24
 Iter:   0 Current Energy =  -1.6075334242812436 Gradient Norm    4.0e-03 Gradient Max    3.3e-03
 Iter:   1 Current Energy =  -1.6075413879823248 Gradient Norm    1.0e-03 Gradient Max    1.0e-03
 Iter:   2 Current Energy =  -1.6075415559646329 Gradient Norm    6.4e-04 Gradient Max    6.1e-04
 Iter:   3 Current Energy =  -1.6075416781293270 Gradient Norm    4.0e-05 Gradient Max    4.0e-05
 Iter:   4 Current Energy =  -1.6075416783042562 Gradient Norm    3.1e-05 Gradient Max    3.0e-05
 Iter:   5 Current Energy =  -1.6075416785402166 Gradient Norm    1.0e-05 Gradient Max    1.0e-05
 Iter:   6 Current Energy =  -1.6075416785701515 Gradient Norm    1.9e-10 Gradient Max    1.4e-10
 Finished:      -1.607541678570
 -----------New ansatz----------- 
    #        Coeff               Term
    0   0.04971425      (1' 0' 2  2  ) : 1010 1001 1010 0110 
    1   0.04971425      (1' 0' 3  3  ) : 1010 1001 1010 0110 
    2  -0.10954520      (0' 0' 3  3  ) : 1010 1010 
    3  -0.10921803      (0' 0' 2  2  ) : 1010 1010 




 --------------------------------------------------------------------------
                         ADAPT-VQE iteration:  4
 --------------------------------------------------------------------------
 Check each new operator for coupling
 Measure Operator Pool Gradients:
 Variance:      0.00028039
 Uncertainty:   0.01674480
    0  -0.00117629            (1' 0  ) : 00 11 00 11 
    6   0.00116274      (0' 0' 1  0  ) : 1010 0110 1010 1001 
    9   0.00256934      (0' 0' 1  1  ) : 1010 1010 
   12   0.00002068      (0' 0' 2  2  ) : 1010 1010 
   14   0.00002068      (0' 0' 3  3  ) : 1010 1010 
   19   0.00001356      (1' 0' 1  1  ) : 1010 1001 1010 0110 
   31   0.00072033      (2' 0' 2  1  ) : 0000 1111 1010 0101 1001 0110 0000 1111 1010 0101 0110 1001 
   32   0.00041588      (2' 0' 2  1  ) : 1010 0101 1001 0110 1010 0101 0110 1001 
   42   0.00072033      (3' 0' 3  1  ) : 0000 1111 1010 0101 1001 0110 0000 1111 1010 0101 0110 1001 
   43   0.00041588      (3' 0' 3  1  ) : 1010 0101 1001 0110 1010 0101 0110 1001 
   50   0.01672402      (1' 1' 2  2  ) : 1010 1010 
   52   0.01672402      (1' 1' 3  3  ) : 1010 1010 
 Norm of <[H,A]> =   0.02387692
 Max  of <[H,A]> =   0.01672402
 Add operator   52
 Iter:   0 Current Energy =  -1.6077171602576854 Gradient Norm    5.3e-03 Gradient Max    4.3e-03
 Iter:   1 Current Energy =  -1.6077387764538689 Gradient Norm    7.1e-04 Gradient Max    5.5e-04
 Iter:   2 Current Energy =  -1.6077389163729503 Gradient Norm    4.7e-04 Gradient Max    4.5e-04
 Iter:   3 Current Energy =  -1.6077389763933077 Gradient Norm    4.1e-05 Gradient Max    3.3e-05
 Iter:   4 Current Energy =  -1.6077389768308439 Gradient Norm    2.2e-05 Gradient Max    2.1e-05
 Iter:   5 Current Energy =  -1.6077389769666004 Gradient Norm    2.9e-06 Gradient Max    1.7e-06
 Iter:   6 Current Energy =  -1.6077389769699031 Gradient Norm    3.8e-07 Gradient Max    2.3e-07
 Iter:   7 Current Energy =  -1.6077389769699779 Gradient Norm    1.5e-08 Gradient Max    1.4e-08
 Iter:   8 Current Energy =  -1.6077389769699788 Gradient Norm    5.2e-10 Gradient Max    4.7e-10
 Finished:      -1.607738976970
 -----------New ansatz----------- 
    #        Coeff               Term
    0  -0.02359445      (1' 1' 3  3  ) : 1010 1010 
    1   0.04934207      (1' 0' 2  2  ) : 1010 1001 1010 0110 
    2   0.05428327      (1' 0' 3  3  ) : 1010 1001 1010 0110 
    3  -0.10926630      (0' 0' 3  3  ) : 1010 1010 
    4  -0.10918921      (0' 0' 2  2  ) : 1010 1010 




 --------------------------------------------------------------------------
                         ADAPT-VQE iteration:  5
 --------------------------------------------------------------------------
 Check each new operator for coupling
 Measure Operator Pool Gradients:
 Variance:      0.00012116
 Uncertainty:   0.01100719
    0  -0.00053087            (1' 0  ) : 00 11 00 11 
    1  -0.00001322            (2' 0  ) : 00 11 00 11 
    3   0.00104339            (2' 1  ) : 00 11 00 11 
    6   0.00052101      (0' 0' 1  0  ) : 1010 0110 1010 1001 
    7   0.00002124      (0' 0' 2  0  ) : 1010 0110 1010 1001 
    9   0.00116298      (0' 0' 1  1  ) : 1010 1010 
   10   0.00006551      (0' 0' 2  1  ) : 1010 0110 1010 1001 
   14   0.00000067      (0' 0' 3  3  ) : 1010 1010 
   15  -0.00114569      (1' 0' 2  0  ) : 0000 1111 1010 0101 1001 0110 0000 1111 1010 0101 0110 1001 
   16  -0.00076587      (1' 0' 2  0  ) : 1010 0101 1001 0110 1010 0101 0110 1001 
   19   0.00000986      (1' 0' 1  1  ) : 1010 1001 1010 0110 
   20  -0.00008659      (1' 0' 2  1  ) : 0000 1111 1010 0101 1001 0110 0000 1111 1010 0101 0110 1001 
   21   0.00000101      (1' 0' 2  1  ) : 1010 0101 1001 0110 1010 0101 0110 1001 
   30   0.00021387      (2' 0' 1  1  ) : 1010 1001 1010 0110 
   31   0.00065184      (2' 0' 2  1  ) : 0000 1111 1010 0101 1001 0110 0000 1111 1010 0101 0110 1001 
   32   0.00037634      (2' 0' 2  1  ) : 1010 0101 1001 0110 1010 0101 0110 1001 
   35   0.00002662      (2' 0' 2  2  ) : 1010 1001 1010 0110 
   38   0.00003932      (2' 0' 3  3  ) : 1010 1001 1010 0110 
   42  -0.00000166      (3' 0' 3  1  ) : 0000 1111 1010 0101 1001 0110 0000 1111 1010 0101 0110 1001 
   43  -0.00000096      (3' 0' 3  1  ) : 1010 0101 1001 0110 1010 0101 0110 1001 
   45  -0.00007040      (3' 0' 3  2  ) : 0000 1111 1010 0101 1001 0110 0000 1111 1010 0101 0110 1001 
   46  -0.00004064      (3' 0' 3  2  ) : 1010 0101 1001 0110 1010 0101 0110 1001 
   48  -0.00096849      (1' 1' 2  1  ) : 1010 0110 1010 1001 
   50   0.01520733      (1' 1' 2  2  ) : 1010 1010 
   55  -0.00000107      (2' 1' 2  2  ) : 1010 1001 1010 0110 
   58   0.00008442      (2' 1' 3  3  ) : 1010 1001 1010 0110 
   60  -0.00013220      (3' 1' 3  2  ) : 0000 1111 1010 0101 1001 0110 0000 1111 1010 0101 0110 1001 
   61  -0.00007632      (3' 1' 3  2  ) : 1010 0101 1001 0110 1010 0101 0110 1001 
   64   0.00025008      (2' 2' 3  3  ) : 1010 1010 
 Norm of <[H,A]> =   0.01542145
 Max  of <[H,A]> =   0.01520733
 Add operator   50
 Iter:   0 Current Energy =  -1.6078840935790371 Gradient Norm    4.9e-03 Gradient Max    3.9e-03
 Iter:   1 Current Energy =  -1.6079030605103446 Gradient Norm    8.8e-04 Gradient Max    5.2e-04
 Iter:   2 Current Energy =  -1.6079034227730826 Gradient Norm    5.0e-04 Gradient Max    4.3e-04
 Iter:   3 Current Energy =  -1.6079035077674133 Gradient Norm    1.1e-04 Gradient Max    5.7e-05
 Iter:   4 Current Energy =  -1.6079035127630099 Gradient Norm    2.8e-05 Gradient Max    2.5e-05
 Iter:   5 Current Energy =  -1.6079035129347135 Gradient Norm    1.5e-05 Gradient Max    1.2e-05
 Iter:   6 Current Energy =  -1.6079035130046258 Gradient Norm    2.1e-07 Gradient Max    1.5e-07
 Iter:   7 Current Energy =  -1.6079035130046468 Gradient Norm    1.3e-08 Gradient Max    9.9e-09
 Iter:   8 Current Energy =  -1.6079035130046468 Gradient Norm    1.6e-10 Gradient Max    1.0e-10
 Finished:      -1.607903513005
 -----------New ansatz----------- 
    #        Coeff               Term
    0  -0.02163829      (1' 1' 2  2  ) : 1010 1010 
    1  -0.02163576      (1' 1' 3  3  ) : 1010 1010 
    2   0.05356398      (1' 0' 2  2  ) : 1010 1001 1010 0110 
    3   0.05356398      (1' 0' 3  3  ) : 1010 1001 1010 0110 
    4  -0.10928033      (0' 0' 3  3  ) : 1010 1010 
    5  -0.10893012      (0' 0' 2  2  ) : 1010 1010 




 --------------------------------------------------------------------------
                         ADAPT-VQE iteration:  6
 --------------------------------------------------------------------------
 Check each new operator for coupling
 Measure Operator Pool Gradients:
 Variance:      0.00000038
 Uncertainty:   0.00061963
    6  -0.00000607      (0' 0' 1  0  ) : 1010 0110 1010 1001 
    9  -0.00000998      (0' 0' 1  1  ) : 1010 1010 
   19   0.00000607      (1' 0' 1  1  ) : 1010 1001 1010 0110 
 Norm of <[H,A]> =   0.00001317
 Max  of <[H,A]> =  -0.00000998
 Ansatz Growth Converged!
 Number of operators in ansatz:  6
 *Finished:      -1.607903513005
 -----------Final ansatz----------- 
    #        Coeff               Term
    0  -0.02163829      (1' 1' 2  2  ) : 1010 1010 
    1  -0.02163576      (1' 1' 3  3  ) : 1010 1010 
    2   0.05356398      (1' 0' 2  2  ) : 1010 1001 1010 0110 
    3   0.05356398      (1' 0' 3  3  ) : 1010 1001 1010 0110 
    4  -0.10928033      (0' 0' 3  3  ) : 1010 1010 
    5  -0.10893012      (0' 0' 2  2  ) : 1010 1010 
 Final ADAPT-VQE energy:  -1.60790351
 <S^2> of final state  :   0.00000000
barH based energy diff=0? 0.0
M [[ 8.64465821e-01  1.43968035e-01  0.00000000e+00  0.00000000e+00
   1.72648803e-02 -2.45073106e-02  0.00000000e+00  0.00000000e+00
   8.68673784e-02  0.00000000e+00  0.00000000e+00 -8.63311570e-02
  -1.58658551e-02  2.30892153e-03  0.00000000e+00  0.00000000e+00
   0.00000000e+00  0.00000000e+00  0.00000000e+00  0.00000000e+00
   1.58658568e-02 -2.30892162e-03 -1.31447959e-03  0.00000000e+00
   0.00000000e+00  1.32264414e-03]
 [ 1.43968035e-01  8.64465821e-01  0.00000000e+00  0.00000000e+00
  -2.45073106e-02  1.72648803e-02  0.00000000e+00  0.00000000e+00
   8.68673784e-02  0.00000000e+00  0.00000000e+00 -8.63311570e-02
   2.30892153e-03 -1.58658551e-02  0.00000000e+00  0.00000000e+00
   0.00000000e+00  0.00000000e+00  0.00000000e+00  0.00000000e+00
  -2.30892162e-03  1.58658568e-02 -1.31447959e-03  0.00000000e+00
   0.00000000e+00  1.32264414e-03]
 [ 0.00000000e+00  0.00000000e+00  8.64465836e-01  1.43968033e-01
   0.00000000e+00  0.00000000e+00  1.72657639e-02 -2.45067815e-02
   0.00000000e+00 -8.65996799e-02 -8.65996813e-02  0.00000000e+00
   0.00000000e+00  0.00000000e+00 -8.46641278e-10  0.00000000e+00
   1.58658844e-02 -2.30892151e-03  1.58658852e-02 -2.30892153e-03
   0.00000000e+00  0.00000000e+00  0.00000000e+00  1.31872248e-03
   1.31872247e-03  0.00000000e+00]
 [ 0.00000000e+00  0.00000000e+00  1.43968033e-01  8.64465836e-01
   0.00000000e+00  0.00000000e+00 -2.45067815e-02  1.72657639e-02
   0.00000000e+00 -8.65996813e-02 -8.65996799e-02  0.00000000e+00
   0.00000000e+00  0.00000000e+00  0.00000000e+00 -8.46641278e-10
  -2.30892151e-03  1.58658844e-02 -2.30892153e-03  1.58658852e-02
   0.00000000e+00  0.00000000e+00  0.00000000e+00  1.31872247e-03
   1.31872248e-03  0.00000000e+00]
 [ 1.72648803e-02 -2.45073106e-02  0.00000000e+00  0.00000000e+00
   4.81822652e-03  7.40747409e-03  0.00000000e+00  0.00000000e+00
   9.96098973e-04  0.00000000e+00  0.00000000e+00 -9.89950327e-04
  -3.78171269e-04  9.25875121e-02  0.00000000e+00  0.00000000e+00
   0.00000000e+00  0.00000000e+00  0.00000000e+00  0.00000000e+00
   3.78171324e-04 -9.25875113e-02 -1.78255487e-02  0.00000000e+00
   0.00000000e+00  1.79362686e-02]
 [-2.45073106e-02  1.72648803e-02  0.00000000e+00  0.00000000e+00
   7.40747409e-03  4.81822652e-03  0.00000000e+00  0.00000000e+00
   9.96098973e-04  0.00000000e+00  0.00000000e+00 -9.89950327e-04
   9.25875121e-02 -3.78171269e-04  0.00000000e+00  0.00000000e+00
   0.00000000e+00  0.00000000e+00  0.00000000e+00  0.00000000e+00
  -9.25875113e-02  3.78171324e-04 -1.78255487e-02  0.00000000e+00
   0.00000000e+00  1.79362686e-02]
 [ 0.00000000e+00  0.00000000e+00  1.72657639e-02 -2.45067815e-02
   0.00000000e+00  0.00000000e+00  4.82438652e-03  7.40747668e-03
   0.00000000e+00 -9.89735882e-04 -9.89735678e-04  0.00000000e+00
   0.00000000e+00  0.00000000e+00 -1.39176998e-09  0.00000000e+00
   3.78283258e-04 -9.25678771e-02  3.78283186e-04 -9.25678756e-02
   0.00000000e+00  0.00000000e+00  0.00000000e+00  1.78813458e-02
   1.78813467e-02  0.00000000e+00]
 [ 0.00000000e+00  0.00000000e+00 -2.45067815e-02  1.72657639e-02
   0.00000000e+00  0.00000000e+00  7.40747668e-03  4.82438652e-03
   0.00000000e+00 -9.89735678e-04 -9.89735882e-04  0.00000000e+00
   0.00000000e+00  0.00000000e+00  0.00000000e+00 -1.39176998e-09
  -9.25678771e-02  3.78283258e-04 -9.25678756e-02  3.78283186e-04
   0.00000000e+00  0.00000000e+00  0.00000000e+00  1.78813467e-02
   1.78813458e-02  0.00000000e+00]
 [ 8.68673784e-02  8.68673784e-02  0.00000000e+00  0.00000000e+00
   9.96098973e-04  9.96098973e-04  0.00000000e+00  0.00000000e+00
   1.81014101e+00  0.00000000e+00  0.00000000e+00  8.03137042e-02
   1.82887916e-02  1.82887916e-02  0.00000000e+00  0.00000000e+00
   0.00000000e+00  0.00000000e+00  0.00000000e+00  0.00000000e+00
  -4.21130708e-03 -4.21130708e-03  2.51407809e-02  0.00000000e+00
   0.00000000e+00 -8.14221205e-05]
 [ 0.00000000e+00  0.00000000e+00 -8.65996799e-02 -8.65996813e-02
   0.00000000e+00  0.00000000e+00 -9.89735882e-04 -9.89735678e-04
   0.00000000e+00  1.66112604e+00  6.91970419e-02  0.00000000e+00
   0.00000000e+00  0.00000000e+00 -2.42712615e-02  2.42712607e-02
   2.24307615e-02  0.00000000e+00  0.00000000e+00  2.24307622e-02
   0.00000000e+00  0.00000000e+00  0.00000000e+00  2.50670124e-02
   0.00000000e+00  0.00000000e+00]
 [ 0.00000000e+00  0.00000000e+00 -8.65996813e-02 -8.65996799e-02
   0.00000000e+00  0.00000000e+00 -9.89735678e-04 -9.89735882e-04
   0.00000000e+00  6.91970419e-02  1.66112604e+00  0.00000000e+00
   0.00000000e+00  0.00000000e+00  2.42712607e-02 -2.42712615e-02
   0.00000000e+00  2.24307615e-02  2.24307622e-02  0.00000000e+00
   0.00000000e+00  0.00000000e+00  0.00000000e+00  0.00000000e+00
   2.50670124e-02  0.00000000e+00]
 [-8.63311570e-02 -8.63311570e-02  0.00000000e+00  0.00000000e+00
  -9.89950327e-04 -9.89950327e-04  0.00000000e+00  0.00000000e+00
   8.03137042e-02  0.00000000e+00  0.00000000e+00  1.81113565e+00
  -4.09814301e-03 -4.09814301e-03  0.00000000e+00  0.00000000e+00
   0.00000000e+00  0.00000000e+00  0.00000000e+00  0.00000000e+00
   1.82630671e-02  1.82630671e-02  2.29922969e-04  0.00000000e+00
   0.00000000e+00  2.51407809e-02]
 [-1.58658551e-02  2.30892153e-03  0.00000000e+00  0.00000000e+00
  -3.78171269e-04  9.25875121e-02  0.00000000e+00  0.00000000e+00
   1.82887916e-02  0.00000000e+00  0.00000000e+00 -4.09814301e-03
   9.52034906e-01  2.54510761e-02  0.00000000e+00  0.00000000e+00
   0.00000000e+00  0.00000000e+00  0.00000000e+00  0.00000000e+00
   6.95811056e-02  3.84063753e-04  1.30996032e-01  0.00000000e+00
   0.00000000e+00 -4.03562794e-03]
 [ 2.30892153e-03 -1.58658551e-02  0.00000000e+00  0.00000000e+00
   9.25875121e-02 -3.78171269e-04  0.00000000e+00  0.00000000e+00
   1.82887916e-02  0.00000000e+00  0.00000000e+00 -4.09814301e-03
   2.54510761e-02  9.52034906e-01  0.00000000e+00  0.00000000e+00
   0.00000000e+00  0.00000000e+00  0.00000000e+00  0.00000000e+00
   3.84063753e-04  6.95811056e-02  1.30996032e-01  0.00000000e+00
   0.00000000e+00 -4.03562794e-03]
 [ 0.00000000e+00  0.00000000e+00 -8.46641278e-10  0.00000000e+00
   0.00000000e+00  0.00000000e+00 -1.39176998e-09  0.00000000e+00
   0.00000000e+00 -2.42712615e-02  2.42712607e-02  0.00000000e+00
   0.00000000e+00  0.00000000e+00  8.70368225e-01  0.00000000e+00
   7.28949794e-03  1.44086012e-01 -7.28949767e-03 -1.44086011e-01
   0.00000000e+00  0.00000000e+00  0.00000000e+00  2.42712615e-02
  -2.42712607e-02  0.00000000e+00]
 [ 0.00000000e+00  0.00000000e+00  0.00000000e+00 -8.46641277e-10
   0.00000000e+00  0.00000000e+00  0.00000000e+00 -1.39176998e-09
   0.00000000e+00  2.42712607e-02 -2.42712615e-02  0.00000000e+00
   0.00000000e+00  0.00000000e+00  0.00000000e+00  8.70368225e-01
   1.44086012e-01  7.28949794e-03 -1.44086011e-01 -7.28949767e-03
   0.00000000e+00  0.00000000e+00  0.00000000e+00 -2.42712607e-02
   2.42712615e-02  0.00000000e+00]
 [ 0.00000000e+00  0.00000000e+00  1.58658844e-02 -2.30892151e-03
   0.00000000e+00  0.00000000e+00  3.78283258e-04 -9.25678771e-02
   0.00000000e+00  2.24307615e-02  0.00000000e+00  0.00000000e+00
   0.00000000e+00  0.00000000e+00  7.28949794e-03  1.44086012e-01
   8.13256770e-01  0.00000000e+00  6.91970419e-02  2.50670124e-02
   0.00000000e+00  0.00000000e+00  0.00000000e+00  1.34637948e-01
   0.00000000e+00  0.00000000e+00]
 [ 0.00000000e+00  0.00000000e+00 -2.30892151e-03  1.58658844e-02
   0.00000000e+00  0.00000000e+00 -9.25678771e-02  3.78283258e-04
   0.00000000e+00  0.00000000e+00  2.24307615e-02  0.00000000e+00
   0.00000000e+00  0.00000000e+00  1.44086012e-01  7.28949794e-03
   0.00000000e+00  8.13256770e-01  2.50670124e-02  6.91970419e-02
   0.00000000e+00  0.00000000e+00  0.00000000e+00  0.00000000e+00
   1.34637948e-01  0.00000000e+00]
 [ 0.00000000e+00  0.00000000e+00  1.58658852e-02 -2.30892153e-03
   0.00000000e+00  0.00000000e+00  3.78283186e-04 -9.25678756e-02
   0.00000000e+00  0.00000000e+00  2.24307622e-02  0.00000000e+00
   0.00000000e+00  0.00000000e+00 -7.28949767e-03 -1.44086011e-01
   6.91970419e-02  2.50670124e-02  8.13256770e-01  0.00000000e+00
   0.00000000e+00  0.00000000e+00  0.00000000e+00  0.00000000e+00
   1.34637947e-01  0.00000000e+00]
 [ 0.00000000e+00  0.00000000e+00 -2.30892153e-03  1.58658852e-02
   0.00000000e+00  0.00000000e+00 -9.25678756e-02  3.78283186e-04
   0.00000000e+00  2.24307622e-02  0.00000000e+00  0.00000000e+00
   0.00000000e+00  0.00000000e+00 -1.44086011e-01 -7.28949767e-03
   2.50670124e-02  6.91970419e-02  0.00000000e+00  8.13256770e-01
   0.00000000e+00  0.00000000e+00  0.00000000e+00  1.34637947e-01
   0.00000000e+00  0.00000000e+00]
 [ 1.58658568e-02 -2.30892162e-03  0.00000000e+00  0.00000000e+00
   3.78171324e-04 -9.25875113e-02  0.00000000e+00  0.00000000e+00
  -4.21130708e-03  0.00000000e+00  0.00000000e+00  1.82630671e-02
   6.95811056e-02  3.84063753e-04  0.00000000e+00  0.00000000e+00
   0.00000000e+00  0.00000000e+00  0.00000000e+00  0.00000000e+00
   9.52034937e-01  2.54510762e-02 -3.22443438e-03  0.00000000e+00
   0.00000000e+00  1.31018510e-01]
 [-2.30892162e-03  1.58658568e-02  0.00000000e+00  0.00000000e+00
  -9.25875113e-02  3.78171324e-04  0.00000000e+00  0.00000000e+00
  -4.21130708e-03  0.00000000e+00  0.00000000e+00  1.82630671e-02
   3.84063753e-04  6.95811056e-02  0.00000000e+00  0.00000000e+00
   0.00000000e+00  0.00000000e+00  0.00000000e+00  0.00000000e+00
   2.54510762e-02  9.52034937e-01 -3.22443438e-03  0.00000000e+00
   0.00000000e+00  1.31018510e-01]
 [-1.31447959e-03 -1.31447959e-03  0.00000000e+00  0.00000000e+00
  -1.78255487e-02 -1.78255487e-02  0.00000000e+00  0.00000000e+00
   2.51407809e-02  0.00000000e+00  0.00000000e+00  2.29922969e-04
   1.30996032e-01  1.30996032e-01  0.00000000e+00  0.00000000e+00
   0.00000000e+00  0.00000000e+00  0.00000000e+00  0.00000000e+00
  -3.22443438e-03 -3.22443438e-03  7.50684359e-01  0.00000000e+00
   0.00000000e+00  5.57937510e-02]
 [ 0.00000000e+00  0.00000000e+00  1.31872248e-03  1.31872247e-03
   0.00000000e+00  0.00000000e+00  1.78813458e-02  1.78813467e-02
   0.00000000e+00  2.50670124e-02  0.00000000e+00  0.00000000e+00
   0.00000000e+00  0.00000000e+00  2.42712615e-02 -2.42712607e-02
   1.34637948e-01  0.00000000e+00  0.00000000e+00  1.34637947e-01
   0.00000000e+00  0.00000000e+00  0.00000000e+00  6.25347033e-01
   6.91970419e-02  0.00000000e+00]
 [ 0.00000000e+00  0.00000000e+00  1.31872247e-03  1.31872248e-03
   0.00000000e+00  0.00000000e+00  1.78813467e-02  1.78813458e-02
   0.00000000e+00  0.00000000e+00  2.50670124e-02  0.00000000e+00
   0.00000000e+00  0.00000000e+00 -2.42712607e-02  2.42712615e-02
   0.00000000e+00  1.34637948e-01  1.34637947e-01  0.00000000e+00
   0.00000000e+00  0.00000000e+00  0.00000000e+00  6.91970419e-02
   6.25347033e-01  0.00000000e+00]
 [ 1.32264414e-03  1.32264414e-03  0.00000000e+00  0.00000000e+00
   1.79362686e-02  1.79362686e-02  0.00000000e+00  0.00000000e+00
  -8.14221205e-05  0.00000000e+00  0.00000000e+00  2.51407809e-02
  -4.03562794e-03 -4.03562794e-03  0.00000000e+00  0.00000000e+00
   0.00000000e+00  0.00000000e+00  0.00000000e+00  0.00000000e+00
   1.31018510e-01  1.31018510e-01  5.57937510e-02  0.00000000e+00
   0.00000000e+00  7.49993439e-01]]
final excitation energies [-0.02413262 -0.02411869 -0.01218543 -0.0121709   0.39875949  0.56761721
  0.59814392  0.59814769  0.70983757  0.71619692  0.71619716  0.76176231
  0.88322304  0.88323104  0.95844501  0.95844548  0.99578089  1.02174373
  1.02830468  1.03721848  1.03722257  1.14244608  1.59874748  1.7714172
  1.77141724  1.89225481]
eigenvector [-3.56310726e-02  2.99542164e-03 -1.40261553e-08 -1.55640093e-01
  1.51777652e-10 -5.37494190e-15 -4.84910081e-15 -3.74947816e-17
 -6.13225596e-17 -2.11859584e-08 -1.25963364e-02 -5.91367344e-16
 -2.92530800e-14 -4.37365878e-09  1.36019205e-01 -6.92985716e-01
 -3.96196380e-10  3.89527936e-16  3.96706846e-13 -1.38291308e-08
  2.61009591e-01  6.38343571e-01  4.07161932e-10 -4.80454104e-12
 -2.26302426e-17 -1.39501647e-17]
