 ---------------------------------------------------------
                                                          
                      Using Pyscf:
                                                          
 ---------------------------------------------------------
                                                          
converged SCF energy = -1.79720283393641

System and Method:

    H 0 0 0
    H 0 0 1.5
    H 0 2.0 0
    H 0 2.0 1.5
    
Basis set                                      :       sto3g
Number of Orbitals                             :         4
Number of electrons                            :         4
Nuclear Repulsion                              :    1.6580885942 
Electronic SCF energy                          :   -3.4552914282 
SCF Energy                                     :   -1.7972028339
 AO->MO
 NElectrons:    2    2
 ecore:   0.00000000
 ERIs in the active-space:
(4, 4, 4, 4)    0.00204800 Mb
 n_orb:    4
 n_a  :    2
 n_b  :    2
 HF Energy:  -1.79720283
 Build reference state with    2 alpha and    2 beta electrons [0, 2, 1, 3]
 State    0:  -1.98076729 au  <S2>:  -0.00000000
 Form singlet GSD operators
 Number of operators:  66
           (1' 0  ) : 00 11 00 11 
           (2' 0  ) : 00 11 00 11 
           (3' 0  ) : 00 11 00 11 
           (2' 1  ) : 00 11 00 11 
           (3' 1  ) : 00 11 00 11 
           (3' 2  ) : 00 11 00 11 
     (0' 0' 1  0  ) : 1010 0110 1010 1001 
     (0' 0' 2  0  ) : 1010 0110 1010 1001 
     (0' 0' 3  0  ) : 1010 0110 1010 1001 
     (0' 0' 1  1  ) : 1010 1010 
     (0' 0' 2  1  ) : 1010 0110 1010 1001 
     (0' 0' 3  1  ) : 1010 0110 1010 1001 
     (0' 0' 2  2  ) : 1010 1010 
     (0' 0' 3  2  ) : 1010 0110 1010 1001 
     (0' 0' 3  3  ) : 1010 1010 
     (1' 0' 2  0  ) : 0000 1111 1010 0101 1001 0110 0000 1111 1010 0101 0110 1001 
     (1' 0' 2  0  ) : 1010 0101 1001 0110 1010 0101 0110 1001 
     (1' 0' 3  0  ) : 0000 1111 1010 0101 1001 0110 0000 1111 1010 0101 0110 1001 
     (1' 0' 3  0  ) : 1010 0101 1001 0110 1010 0101 0110 1001 
     (1' 0' 1  1  ) : 1010 1001 1010 0110 
     (1' 0' 2  1  ) : 0000 1111 1010 0101 1001 0110 0000 1111 1010 0101 0110 1001 
     (1' 0' 2  1  ) : 1010 0101 1001 0110 1010 0101 0110 1001 
     (1' 0' 3  1  ) : 0000 1111 1010 0101 1001 0110 0000 1111 1010 0101 0110 1001 
     (1' 0' 3  1  ) : 1010 0101 1001 0110 1010 0101 0110 1001 
     (1' 0' 2  2  ) : 1010 1001 1010 0110 
     (1' 0' 3  2  ) : 0000 1111 1010 0101 1001 0110 0000 1111 1010 0101 0110 1001 
     (1' 0' 3  2  ) : 1010 0101 1001 0110 1010 0101 0110 1001 
     (1' 0' 3  3  ) : 1010 1001 1010 0110 
     (2' 0' 3  0  ) : 0000 1111 1010 0101 1001 0110 0000 1111 1010 0101 0110 1001 
     (2' 0' 3  0  ) : 1010 0101 1001 0110 1010 0101 0110 1001 
     (2' 0' 1  1  ) : 1010 1001 1010 0110 
     (2' 0' 2  1  ) : 0000 1111 1010 0101 1001 0110 0000 1111 1010 0101 0110 1001 
     (2' 0' 2  1  ) : 1010 0101 1001 0110 1010 0101 0110 1001 
     (2' 0' 3  1  ) : 0000 1111 1010 0101 1001 0110 0000 1111 1010 0101 0110 1001 
     (2' 0' 3  1  ) : 1010 0101 1001 0110 1010 0101 0110 1001 
     (2' 0' 2  2  ) : 1010 1001 1010 0110 
     (2' 0' 3  2  ) : 0000 1111 1010 0101 1001 0110 0000 1111 1010 0101 0110 1001 
     (2' 0' 3  2  ) : 1010 0101 1001 0110 1010 0101 0110 1001 
     (2' 0' 3  3  ) : 1010 1001 1010 0110 
     (3' 0' 1  1  ) : 1010 1001 1010 0110 
     (3' 0' 2  1  ) : 0000 1111 1010 0101 1001 0110 0000 1111 1010 0101 0110 1001 
     (3' 0' 2  1  ) : 1010 0101 1001 0110 1010 0101 0110 1001 
     (3' 0' 3  1  ) : 0000 1111 1010 0101 1001 0110 0000 1111 1010 0101 0110 1001 
     (3' 0' 3  1  ) : 1010 0101 1001 0110 1010 0101 0110 1001 
     (3' 0' 2  2  ) : 1010 1001 1010 0110 
     (3' 0' 3  2  ) : 0000 1111 1010 0101 1001 0110 0000 1111 1010 0101 0110 1001 
     (3' 0' 3  2  ) : 1010 0101 1001 0110 1010 0101 0110 1001 
     (3' 0' 3  3  ) : 1010 1001 1010 0110 
     (1' 1' 2  1  ) : 1010 0110 1010 1001 
     (1' 1' 3  1  ) : 1010 0110 1010 1001 
     (1' 1' 2  2  ) : 1010 1010 
     (1' 1' 3  2  ) : 1010 0110 1010 1001 
     (1' 1' 3  3  ) : 1010 1010 
     (2' 1' 3  1  ) : 0000 1111 1010 0101 1001 0110 0000 1111 1010 0101 0110 1001 
     (2' 1' 3  1  ) : 1010 0101 1001 0110 1010 0101 0110 1001 
     (2' 1' 2  2  ) : 1010 1001 1010 0110 
     (2' 1' 3  2  ) : 0000 1111 1010 0101 1001 0110 0000 1111 1010 0101 0110 1001 
     (2' 1' 3  2  ) : 1010 0101 1001 0110 1010 0101 0110 1001 
     (2' 1' 3  3  ) : 1010 1001 1010 0110 
     (3' 1' 2  2  ) : 1010 1001 1010 0110 
     (3' 1' 3  2  ) : 0000 1111 1010 0101 1001 0110 0000 1111 1010 0101 0110 1001 
     (3' 1' 3  2  ) : 1010 0101 1001 0110 1010 0101 0110 1001 
     (3' 1' 3  3  ) : 1010 1001 1010 0110 
     (2' 2' 3  2  ) : 1010 0110 1010 1001 
     (2' 2' 3  3  ) : 1010 1010 
     (3' 2' 3  3  ) : 1010 1001 1010 0110 
 Reference Energy:  -1.79720283
 Generate Sparse Matrices for operators in pool
 Start ADAPT-VQE algorithm
 Now start to grow the ansatz




 --------------------------------------------------------------------------
                         ADAPT-VQE iteration:  0
 --------------------------------------------------------------------------
 Check each new operator for coupling
 Measure Operator Pool Gradients:
 Variance:      0.11039640
 Uncertainty:   0.33225954
   12   0.17468558      (0' 0' 2  2  ) : 1010 1010 
   14   0.14149142      (0' 0' 3  3  ) : 1010 1010 
   25   0.06554876      (1' 0' 3  2  ) : 0000 1111 1010 0101 1001 0110 0000 1111 1010 0101 0110 1001 
   26   0.32683865      (1' 0' 3  2  ) : 1010 0101 1001 0110 1010 0101 0110 1001 
   50   0.14758499      (1' 1' 2  2  ) : 1010 1010 
   52   0.19327818      (1' 1' 3  3  ) : 1010 1010 
 Norm of <[H,A]> =   0.46988594
 Max  of <[H,A]> =   0.32683865
 Add operator   26
 Iter:   0 Current Energy =  -1.8532318427197072 Gradient Norm    1.7e-02 Gradient Max    1.7e-02
 Iter:   1 Current Energy =  -1.8533798101100913 Gradient Norm    4.7e-04 Gradient Max    4.7e-04
 Iter:   2 Current Energy =  -1.8533799294913733 Gradient Norm    1.8e-06 Gradient Max    1.8e-06
 Iter:   3 Current Energy =  -1.8533799294930910 Gradient Norm    2.0e-10 Gradient Max    2.0e-10
 Finished:      -1.853379929493
 -----------New ansatz----------- 
    #        Coeff               Term
    0  -0.34476875      (1' 0' 3  2  ) : 1010 0101 1001 0110 1010 0101 0110 1001 




 --------------------------------------------------------------------------
                         ADAPT-VQE iteration:  1
 --------------------------------------------------------------------------
 Check each new operator for coupling
 Measure Operator Pool Gradients:
 Variance:      0.11370885
 Uncertainty:   0.33720743
   12   0.22764771      (0' 0' 2  2  ) : 1010 1010 
   14   0.20491905      (0' 0' 3  3  ) : 1010 1010 
   25   0.04632501      (1' 0' 3  2  ) : 0000 1111 1010 0101 1001 0110 0000 1111 1010 0101 0110 1001 
   33  -0.00118696      (2' 0' 3  1  ) : 0000 1111 1010 0101 1001 0110 0000 1111 1010 0101 0110 1001 
   34  -0.00068529      (2' 0' 3  1  ) : 1010 0101 1001 0110 1010 0101 0110 1001 
   40  -0.00362165      (3' 0' 2  1  ) : 0000 1111 1010 0101 1001 0110 0000 1111 1010 0101 0110 1001 
   41  -0.00209096      (3' 0' 2  1  ) : 1010 0101 1001 0110 1010 0101 0110 1001 
   50   0.21065404      (1' 1' 2  2  ) : 1010 1010 
   52   0.24514620      (1' 1' 3  3  ) : 1010 1010 
 Norm of <[H,A]> =   0.44771917
 Max  of <[H,A]> =   0.24514620
 Add operator   52
 Iter:   0 Current Energy =  -1.8935326689726619 Gradient Norm    8.3e-02 Gradient Max    8.0e-02
 Iter:   1 Current Energy =  -1.8987167944138068 Gradient Norm    2.9e-03 Gradient Max    2.8e-03
 Iter:   2 Current Energy =  -1.8987224935524438 Gradient Norm    1.5e-05 Gradient Max    1.4e-05
 Iter:   3 Current Energy =  -1.8987224936823683 Gradient Norm    2.3e-07 Gradient Max    2.3e-07
 Iter:   4 Current Energy =  -1.8987224936823950 Gradient Norm    1.3e-10 Gradient Max    1.0e-10
 Finished:      -1.898722493682
 -----------New ansatz----------- 
    #        Coeff               Term
    0  -0.36475621      (1' 1' 3  3  ) : 1010 1010 
    1  -0.37956871      (1' 0' 3  2  ) : 1010 0101 1001 0110 1010 0101 0110 1001 




 --------------------------------------------------------------------------
                         ADAPT-VQE iteration:  2
 --------------------------------------------------------------------------
 Check each new operator for coupling
 Measure Operator Pool Gradients:
 Variance:      0.06291898
 Uncertainty:   0.25083656
    9  -0.04274714      (0' 0' 1  1  ) : 1010 1010 
   12   0.25298498      (0' 0' 2  2  ) : 1010 1010 
   14   0.15057948      (0' 0' 3  3  ) : 1010 1010 
   25  -0.02635286      (1' 0' 3  2  ) : 0000 1111 1010 0101 1001 0110 0000 1111 1010 0101 0110 1001 
   26   0.01820201      (1' 0' 3  2  ) : 1010 0101 1001 0110 1010 0101 0110 1001 
   33   0.00023152      (2' 0' 3  1  ) : 0000 1111 1010 0101 1001 0110 0000 1111 1010 0101 0110 1001 
   34   0.00013367      (2' 0' 3  1  ) : 1010 0101 1001 0110 1010 0101 0110 1001 
   40   0.05114929      (3' 0' 2  1  ) : 0000 1111 1010 0101 1001 0110 0000 1111 1010 0101 0110 1001 
   41   0.03817345      (3' 0' 2  1  ) : 1010 0101 1001 0110 1010 0101 0110 1001 
   50   0.14959286      (1' 1' 2  2  ) : 1010 1010 
   64   0.04250540      (2' 2' 3  3  ) : 1010 1010 
 Norm of <[H,A]> =   0.34320103
 Max  of <[H,A]> =   0.25298498
 Add operator   12
 Iter:   0 Current Energy =  -1.9411608872665596 Gradient Norm    9.0e-02 Gradient Max    8.0e-02
 Iter:   1 Current Energy =  -1.9476685530693763 Gradient Norm    1.7e-02 Gradient Max    1.7e-02
 Iter:   2 Current Energy =  -1.9478536145681768 Gradient Norm    5.5e-03 Gradient Max    4.9e-03
 Iter:   3 Current Energy =  -1.9478753206416248 Gradient Norm    2.0e-04 Gradient Max    1.9e-04
 Iter:   4 Current Energy =  -1.9478753380698011 Gradient Norm    9.0e-06 Gradient Max    8.2e-06
 Iter:   5 Current Energy =  -1.9478753381033280 Gradient Norm    2.2e-08 Gradient Max    2.2e-08
 Iter:   6 Current Energy =  -1.9478753381033287 Gradient Norm    1.3e-10 Gradient Max    1.1e-10
 Finished:      -1.947875338103
 -----------New ansatz----------- 
    #        Coeff               Term
    0  -0.38489641      (0' 0' 2  2  ) : 1010 1010 
    1  -0.41143840      (1' 1' 3  3  ) : 1010 1010 
    2  -0.43755092      (1' 0' 3  2  ) : 1010 0101 1001 0110 1010 0101 0110 1001 




 --------------------------------------------------------------------------
                         ADAPT-VQE iteration:  3
 --------------------------------------------------------------------------
 Check each new operator for coupling
 Measure Operator Pool Gradients:
 Variance:      0.02155203
 Uncertainty:   0.14680611
    9  -0.00133958      (0' 0' 1  1  ) : 1010 1010 
   14   0.09391745      (0' 0' 3  3  ) : 1010 1010 
   25  -0.08244525      (1' 0' 3  2  ) : 0000 1111 1010 0101 1001 0110 0000 1111 1010 0101 0110 1001 
   33  -0.00108710      (2' 0' 3  1  ) : 0000 1111 1010 0101 1001 0110 0000 1111 1010 0101 0110 1001 
   34  -0.00062764      (2' 0' 3  1  ) : 1010 0101 1001 0110 1010 0101 0110 1001 
   40  -0.00092102      (3' 0' 2  1  ) : 0000 1111 1010 0101 1001 0110 0000 1111 1010 0101 0110 1001 
   41   0.00180080      (3' 0' 2  1  ) : 1010 0101 1001 0110 1010 0101 0110 1001 
   50   0.09810632      (1' 1' 2  2  ) : 1010 1010 
   64   0.00336532      (2' 2' 3  3  ) : 1010 1010 
 Norm of <[H,A]> =   0.15893817
 Max  of <[H,A]> =   0.09810632
 Add operator   50
 Iter:   0 Current Energy =  -1.9555545236906793 Gradient Norm    6.3e-02 Gradient Max    5.8e-02
 Iter:   1 Current Energy =  -1.9614127959931664 Gradient Norm    2.2e-02 Gradient Max    1.4e-02
 Iter:   2 Current Energy =  -1.9617454740707729 Gradient Norm    1.1e-02 Gradient Max    7.7e-03
 Iter:   3 Current Energy =  -1.9618578372186770 Gradient Norm    3.5e-04 Gradient Max    2.4e-04
 Iter:   4 Current Energy =  -1.9618579589848240 Gradient Norm    5.5e-05 Gradient Max    4.1e-05
 Iter:   5 Current Energy =  -1.9618579607066855 Gradient Norm    7.1e-06 Gradient Max    4.9e-06
 Iter:   6 Current Energy =  -1.9618579607409175 Gradient Norm    3.5e-07 Gradient Max    3.1e-07
 Iter:   7 Current Energy =  -1.9618579607409923 Gradient Norm    1.1e-08 Gradient Max    1.0e-08
 Iter:   8 Current Energy =  -1.9618579607409927 Gradient Norm    1.3e-10 Gradient Max    9.3e-11
 Finished:      -1.961857960741
 -----------New ansatz----------- 
    #        Coeff               Term
    0  -0.27908380      (1' 1' 2  2  ) : 1010 1010 
    1  -0.32796260      (0' 0' 2  2  ) : 1010 1010 
    2  -0.34675124      (1' 1' 3  3  ) : 1010 1010 
    3  -0.45739105      (1' 0' 3  2  ) : 1010 0101 1001 0110 1010 0101 0110 1001 




 --------------------------------------------------------------------------
                         ADAPT-VQE iteration:  4
 --------------------------------------------------------------------------
 Check each new operator for coupling
 Measure Operator Pool Gradients:
 Variance:      0.01610406
 Uncertainty:   0.12690176
    9  -0.03218419      (0' 0' 1  1  ) : 1010 1010 
   12   0.00792107      (0' 0' 2  2  ) : 1010 1010 
   14   0.15239433      (0' 0' 3  3  ) : 1010 1010 
   25  -0.03757070      (1' 0' 3  2  ) : 0000 1111 1010 0101 1001 0110 0000 1111 1010 0101 0110 1001 
   26   0.01170631      (1' 0' 3  2  ) : 1010 0101 1001 0110 1010 0101 0110 1001 
   33   0.04532258      (2' 0' 3  1  ) : 0000 1111 1010 0101 1001 0110 0000 1111 1010 0101 0110 1001 
   34   0.01528470      (2' 0' 3  1  ) : 1010 0101 1001 0110 1010 0101 0110 1001 
   40  -0.00030612      (3' 0' 2  1  ) : 0000 1111 1010 0101 1001 0110 0000 1111 1010 0101 0110 1001 
   41   0.00056071      (3' 0' 2  1  ) : 1010 0101 1001 0110 1010 0101 0110 1001 
   52   0.00752409      (1' 1' 3  3  ) : 1010 1010 
   64  -0.02968566      (2' 2' 3  3  ) : 1010 1010 
 Norm of <[H,A]> =   0.17057904
 Max  of <[H,A]> =   0.15239433
 Add operator   14
 Iter:   0 Current Energy =  -1.9760570115066356 Gradient Norm    5.4e-02 Gradient Max    3.3e-02
 Iter:   1 Current Energy =  -1.9786858185601841 Gradient Norm    3.1e-02 Gradient Max    2.9e-02
 Iter:   2 Current Energy =  -1.9797278400963847 Gradient Norm    2.1e-02 Gradient Max    1.7e-02
 Iter:   3 Current Energy =  -1.9802363713244866 Gradient Norm    5.3e-03 Gradient Max    4.2e-03
 Iter:   4 Current Energy =  -1.9802555076645625 Gradient Norm    1.4e-03 Gradient Max    8.0e-04
 Iter:   5 Current Energy =  -1.9802570313576311 Gradient Norm    4.1e-04 Gradient Max    2.4e-04
 Iter:   6 Current Energy =  -1.9802571634268764 Gradient Norm    1.1e-04 Gradient Max    7.8e-05
 Iter:   7 Current Energy =  -1.9802571715945838 Gradient Norm    9.8e-06 Gradient Max    8.8e-06
 Iter:   8 Current Energy =  -1.9802571716583270 Gradient Norm    6.8e-07 Gradient Max    5.1e-07
 Iter:   9 Current Energy =  -1.9802571716586752 Gradient Norm    6.4e-08 Gradient Max    4.9e-08
 Iter:  10 Current Energy =  -1.9802571716586770 Gradient Norm    8.4e-09 Gradient Max    6.0e-09
 Iter:  11 Current Energy =  -1.9802571716586774 Gradient Norm    2.8e-09 Gradient Max    2.0e-09
 Finished:      -1.980257171659
 -----------New ansatz----------- 
    #        Coeff               Term
    0  -0.23681334      (0' 0' 3  3  ) : 1010 1010 
    1  -0.39499971      (1' 1' 2  2  ) : 1010 1010 
    2  -0.26967160      (0' 0' 2  2  ) : 1010 1010 
    3  -0.28837673      (1' 1' 3  3  ) : 1010 1010 
    4  -0.49529599      (1' 0' 3  2  ) : 1010 0101 1001 0110 1010 0101 0110 1001 




 --------------------------------------------------------------------------
                         ADAPT-VQE iteration:  5
 --------------------------------------------------------------------------
 Check each new operator for coupling
 Measure Operator Pool Gradients:
 Variance:      0.00026939
 Uncertainty:   0.01641322
    9  -0.00005660      (0' 0' 1  1  ) : 1010 1010 
   12  -0.00000000      (0' 0' 2  2  ) : 1010 1010 
   14  -0.00000000      (0' 0' 3  3  ) : 1010 1010 
   25   0.01697441      (1' 0' 3  2  ) : 0000 1111 1010 0101 1001 0110 0000 1111 1010 0101 0110 1001 
   33  -0.00120646      (2' 0' 3  1  ) : 0000 1111 1010 0101 1001 0110 0000 1111 1010 0101 0110 1001 
   34   0.00228999      (2' 0' 3  1  ) : 1010 0101 1001 0110 1010 0101 0110 1001 
   40   0.00016353      (3' 0' 2  1  ) : 0000 1111 1010 0101 1001 0110 0000 1111 1010 0101 0110 1001 
   41  -0.00025950      (3' 0' 2  1  ) : 1010 0101 1001 0110 1010 0101 0110 1001 
   64  -0.00004421      (2' 2' 3  3  ) : 1010 1010 
 Norm of <[H,A]> =   0.01717351
 Max  of <[H,A]> =   0.01697441
 Add operator   25
 Iter:   0 Current Energy =  -1.9804747714366941 Gradient Norm    9.7e-03 Gradient Max    8.7e-03
 Iter:   1 Current Energy =  -1.9806211666205842 Gradient Norm    7.0e-03 Gradient Max    4.0e-03
 Iter:   2 Current Energy =  -1.9806854546896340 Gradient Norm    6.5e-03 Gradient Max    4.0e-03
 Iter:   3 Current Energy =  -1.9807533834881115 Gradient Norm    3.6e-03 Gradient Max    2.5e-03
 Iter:   4 Current Energy =  -1.9807648285303565 Gradient Norm    1.3e-03 Gradient Max    9.5e-04
 Iter:   5 Current Energy =  -1.9807663637841151 Gradient Norm    3.4e-04 Gradient Max    1.8e-04
 Iter:   6 Current Energy =  -1.9807664685646573 Gradient Norm    1.2e-04 Gradient Max    6.8e-05
 Iter:   7 Current Energy =  -1.9807664797452762 Gradient Norm    2.6e-05 Gradient Max    1.9e-05
 Iter:   8 Current Energy =  -1.9807664802646927 Gradient Norm    6.7e-06 Gradient Max    5.9e-06
 Iter:   9 Current Energy =  -1.9807664802866636 Gradient Norm    1.4e-06 Gradient Max    9.8e-07
 Iter:  10 Current Energy =  -1.9807664802874534 Gradient Norm    2.0e-08 Gradient Max    1.4e-08
 Iter:  11 Current Energy =  -1.9807664802874536 Gradient Norm    2.4e-09 Gradient Max    1.8e-09
 Iter:  12 Current Energy =  -1.9807664802874536 Gradient Norm    2.9e-10 Gradient Max    1.9e-10
 Finished:      -1.980766480287
 -----------New ansatz----------- 
    #        Coeff               Term
    0  -0.05998037      (1' 0' 3  2  ) : 0000 1111 1010 0101 1001 0110 0000 1111 1010 0101 0110 1001 
    1  -0.25306042      (0' 0' 3  3  ) : 1010 1010 
    2  -0.42393574      (1' 1' 2  2  ) : 1010 1010 
    3  -0.24356917      (0' 0' 2  2  ) : 1010 1010 
    4  -0.26146994      (1' 1' 3  3  ) : 1010 1010 
    5  -0.49329790      (1' 0' 3  2  ) : 1010 0101 1001 0110 1010 0101 0110 1001 




 --------------------------------------------------------------------------
                         ADAPT-VQE iteration:  6
 --------------------------------------------------------------------------
 Check each new operator for coupling
 Measure Operator Pool Gradients:
 Variance:      0.00000112
 Uncertainty:   0.00105602
    9  -0.00006260      (0' 0' 1  1  ) : 1010 1010 
   33   0.00009880      (2' 0' 3  1  ) : 0000 1111 1010 0101 1001 0110 0000 1111 1010 0101 0110 1001 
   34   0.00006995      (2' 0' 3  1  ) : 1010 0101 1001 0110 1010 0101 0110 1001 
   40   0.00001155      (3' 0' 2  1  ) : 0000 1111 1010 0101 1001 0110 0000 1111 1010 0101 0110 1001 
   41   0.00000531      (3' 0' 2  1  ) : 1010 0101 1001 0110 1010 0101 0110 1001 
   64  -0.00004823      (2' 2' 3  3  ) : 1010 1010 
 Norm of <[H,A]> =   0.00014513
 Max  of <[H,A]> =   0.00009880
 Ansatz Growth Converged!
 Number of operators in ansatz:  6
 *Finished:      -1.980766480287
 -----------Final ansatz----------- 
    #        Coeff               Term
    0  -0.05998037      (1' 0' 3  2  ) : 0000 1111 1010 0101 1001 0110 0000 1111 1010 0101 0110 1001 
    1  -0.25306042      (0' 0' 3  3  ) : 1010 1010 
    2  -0.42393574      (1' 1' 2  2  ) : 1010 1010 
    3  -0.24356917      (0' 0' 2  2  ) : 1010 1010 
    4  -0.26146994      (1' 1' 3  3  ) : 1010 1010 
    5  -0.49329790      (1' 0' 3  2  ) : 1010 0101 1001 0110 1010 0101 0110 1001 
 Final ADAPT-VQE energy:  -1.98076648
 <S^2> of final state  :   0.00000000
barH based energy diff=0? -1.5543122344752192e-15
M [[ 4.39630547e-01  1.15045707e-01  0.00000000e+00  0.00000000e+00
   0.00000000e+00  0.00000000e+00 -8.84023776e-02  1.19562751e-01
   0.00000000e+00  0.00000000e+00  0.00000000e+00  0.00000000e+00
   0.00000000e+00  0.00000000e+00  0.00000000e+00  0.00000000e+00
   0.00000000e+00  0.00000000e+00  0.00000000e+00  0.00000000e+00
   0.00000000e+00  0.00000000e+00  0.00000000e+00  0.00000000e+00
   0.00000000e+00  0.00000000e+00]
 [ 1.15045707e-01  4.39630547e-01  0.00000000e+00  0.00000000e+00
   0.00000000e+00  0.00000000e+00  1.19562751e-01 -8.84023776e-02
   0.00000000e+00  0.00000000e+00  0.00000000e+00  0.00000000e+00
   0.00000000e+00  0.00000000e+00  0.00000000e+00  0.00000000e+00
   0.00000000e+00  0.00000000e+00  0.00000000e+00  0.00000000e+00
   0.00000000e+00  0.00000000e+00  0.00000000e+00  0.00000000e+00
   0.00000000e+00  0.00000000e+00]
 [ 0.00000000e+00  0.00000000e+00  5.29716220e-01  1.11557574e-01
  -1.01118962e-01  1.11105772e-01  0.00000000e+00  0.00000000e+00
   0.00000000e+00  0.00000000e+00  0.00000000e+00  0.00000000e+00
   0.00000000e+00  0.00000000e+00  0.00000000e+00  0.00000000e+00
   0.00000000e+00  0.00000000e+00  0.00000000e+00  0.00000000e+00
   0.00000000e+00  0.00000000e+00  0.00000000e+00  0.00000000e+00
   0.00000000e+00  0.00000000e+00]
 [ 0.00000000e+00  0.00000000e+00  1.11557574e-01  5.29716220e-01
   1.11105772e-01 -1.01118962e-01  0.00000000e+00  0.00000000e+00
   0.00000000e+00  0.00000000e+00  0.00000000e+00  0.00000000e+00
   0.00000000e+00  0.00000000e+00  0.00000000e+00  0.00000000e+00
   0.00000000e+00  0.00000000e+00  0.00000000e+00  0.00000000e+00
   0.00000000e+00  0.00000000e+00  0.00000000e+00  0.00000000e+00
   0.00000000e+00  0.00000000e+00]
 [ 0.00000000e+00  0.00000000e+00 -1.01118962e-01  1.11105772e-01
   3.27239089e-01  1.07749447e-01  0.00000000e+00  0.00000000e+00
   0.00000000e+00  0.00000000e+00  0.00000000e+00  0.00000000e+00
   0.00000000e+00  0.00000000e+00  0.00000000e+00  0.00000000e+00
   0.00000000e+00  0.00000000e+00  0.00000000e+00  0.00000000e+00
   0.00000000e+00  0.00000000e+00  0.00000000e+00  0.00000000e+00
   0.00000000e+00  0.00000000e+00]
 [ 0.00000000e+00  0.00000000e+00  1.11105772e-01 -1.01118962e-01
   1.07749447e-01  3.27239089e-01  0.00000000e+00  0.00000000e+00
   0.00000000e+00  0.00000000e+00  0.00000000e+00  0.00000000e+00
   0.00000000e+00  0.00000000e+00  0.00000000e+00  0.00000000e+00
   0.00000000e+00  0.00000000e+00  0.00000000e+00  0.00000000e+00
   0.00000000e+00  0.00000000e+00  0.00000000e+00  0.00000000e+00
   0.00000000e+00  0.00000000e+00]
 [-8.84023776e-02  1.19562751e-01  0.00000000e+00  0.00000000e+00
   0.00000000e+00  0.00000000e+00  4.37206355e-01  1.26081016e-01
   0.00000000e+00  0.00000000e+00  0.00000000e+00  0.00000000e+00
   0.00000000e+00  0.00000000e+00  0.00000000e+00  0.00000000e+00
   0.00000000e+00  0.00000000e+00  0.00000000e+00  0.00000000e+00
   0.00000000e+00  0.00000000e+00  0.00000000e+00  0.00000000e+00
   0.00000000e+00  0.00000000e+00]
 [ 1.19562751e-01 -8.84023776e-02  0.00000000e+00  0.00000000e+00
   0.00000000e+00  0.00000000e+00  1.26081016e-01  4.37206355e-01
   0.00000000e+00  0.00000000e+00  0.00000000e+00  0.00000000e+00
   0.00000000e+00  0.00000000e+00  0.00000000e+00  0.00000000e+00
   0.00000000e+00  0.00000000e+00  0.00000000e+00  0.00000000e+00
   0.00000000e+00  0.00000000e+00  0.00000000e+00  0.00000000e+00
   0.00000000e+00  0.00000000e+00]
 [ 0.00000000e+00  0.00000000e+00  0.00000000e+00  0.00000000e+00
   0.00000000e+00  0.00000000e+00  0.00000000e+00  0.00000000e+00
   7.52090252e-01  0.00000000e+00  0.00000000e+00  1.16147384e-01
   0.00000000e+00  0.00000000e+00  1.34879244e-01  1.34879244e-01
  -2.90409289e-02 -2.90409289e-02 -1.63920173e-01 -1.63920173e-01
   0.00000000e+00  0.00000000e+00  1.43096334e-01  0.00000000e+00
   0.00000000e+00 -6.29519310e-02]
 [ 0.00000000e+00  0.00000000e+00  0.00000000e+00  0.00000000e+00
   0.00000000e+00  0.00000000e+00  0.00000000e+00  0.00000000e+00
   0.00000000e+00  9.06250249e-01  1.76804452e-01  0.00000000e+00
  -6.17011677e-02 -1.63875996e-01  0.00000000e+00  0.00000000e+00
   0.00000000e+00  0.00000000e+00  0.00000000e+00  0.00000000e+00
  -1.63875996e-01 -3.49410005e-02  0.00000000e+00  1.58804600e-01
   0.00000000e+00  0.00000000e+00]
 [ 0.00000000e+00  0.00000000e+00  0.00000000e+00  0.00000000e+00
   0.00000000e+00  0.00000000e+00  0.00000000e+00  0.00000000e+00
   0.00000000e+00  1.76804452e-01  9.06250249e-01  0.00000000e+00
  -1.63875996e-01 -6.17011677e-02  0.00000000e+00  0.00000000e+00
   0.00000000e+00  0.00000000e+00  0.00000000e+00  0.00000000e+00
  -3.49410005e-02 -1.63875996e-01  0.00000000e+00  0.00000000e+00
   1.58804600e-01  0.00000000e+00]
 [ 0.00000000e+00  0.00000000e+00  0.00000000e+00  0.00000000e+00
   0.00000000e+00  0.00000000e+00  0.00000000e+00  0.00000000e+00
   1.16147384e-01  0.00000000e+00  0.00000000e+00  9.70573920e-01
   0.00000000e+00  0.00000000e+00 -9.47523574e-02 -9.47523574e-02
  -1.72907963e-01 -1.72907963e-01 -7.81556051e-02 -7.81556051e-02
   0.00000000e+00  0.00000000e+00 -1.16125396e-04  0.00000000e+00
   0.00000000e+00  1.04024608e-01]
 [ 0.00000000e+00  0.00000000e+00  0.00000000e+00  0.00000000e+00
   0.00000000e+00  0.00000000e+00  0.00000000e+00  0.00000000e+00
   0.00000000e+00 -6.17011677e-02 -1.63875996e-01  0.00000000e+00
   6.71961967e-01  1.58804600e-01  0.00000000e+00  0.00000000e+00
   0.00000000e+00  0.00000000e+00  0.00000000e+00  0.00000000e+00
   1.76804452e-01  0.00000000e+00  0.00000000e+00 -1.63875996e-01
  -3.49410005e-02  0.00000000e+00]
 [ 0.00000000e+00  0.00000000e+00  0.00000000e+00  0.00000000e+00
   0.00000000e+00  0.00000000e+00  0.00000000e+00  0.00000000e+00
   0.00000000e+00 -1.63875996e-01 -6.17011677e-02  0.00000000e+00
   1.58804600e-01  6.71961967e-01  0.00000000e+00  0.00000000e+00
   0.00000000e+00  0.00000000e+00  0.00000000e+00  0.00000000e+00
   0.00000000e+00  1.76804452e-01  0.00000000e+00 -3.49410005e-02
  -1.63875996e-01  0.00000000e+00]
 [ 0.00000000e+00  0.00000000e+00  0.00000000e+00  0.00000000e+00
   0.00000000e+00  0.00000000e+00  0.00000000e+00  0.00000000e+00
   1.34879244e-01  0.00000000e+00  0.00000000e+00 -9.47523574e-02
   0.00000000e+00  0.00000000e+00  6.79314953e-01 -2.57226902e-04
   1.33067802e-01  1.19920849e-01 -1.07701631e-01 -1.03392826e-01
   0.00000000e+00  0.00000000e+00 -9.11332960e-02  0.00000000e+00
   0.00000000e+00  1.35877790e-01]
 [ 0.00000000e+00  0.00000000e+00  0.00000000e+00  0.00000000e+00
   0.00000000e+00  0.00000000e+00  0.00000000e+00  0.00000000e+00
   1.34879244e-01  0.00000000e+00  0.00000000e+00 -9.47523574e-02
   0.00000000e+00  0.00000000e+00 -2.57226902e-04  6.79314953e-01
   1.19920849e-01  1.33067802e-01 -1.03392826e-01 -1.07701631e-01
   0.00000000e+00  0.00000000e+00 -9.11332960e-02  0.00000000e+00
   0.00000000e+00  1.35877790e-01]
 [ 0.00000000e+00  0.00000000e+00  0.00000000e+00  0.00000000e+00
   0.00000000e+00  0.00000000e+00  0.00000000e+00  0.00000000e+00
  -2.90409289e-02  0.00000000e+00  0.00000000e+00 -1.72907963e-01
   0.00000000e+00  0.00000000e+00  1.33067802e-01  1.19920849e-01
   8.39492091e-01  2.87187549e-02  2.09123715e-01  1.91123863e-01
   0.00000000e+00  0.00000000e+00 -1.36471095e-01  0.00000000e+00
   0.00000000e+00 -2.38756490e-02]
 [ 0.00000000e+00  0.00000000e+00  0.00000000e+00  0.00000000e+00
   0.00000000e+00  0.00000000e+00  0.00000000e+00  0.00000000e+00
  -2.90409289e-02  0.00000000e+00  0.00000000e+00 -1.72907963e-01
   0.00000000e+00  0.00000000e+00  1.19920849e-01  1.33067802e-01
   2.87187549e-02  8.39492091e-01  1.91123863e-01  2.09123715e-01
   0.00000000e+00  0.00000000e+00 -1.36471095e-01  0.00000000e+00
   0.00000000e+00 -2.38756490e-02]
 [ 0.00000000e+00  0.00000000e+00  0.00000000e+00  0.00000000e+00
   0.00000000e+00  0.00000000e+00  0.00000000e+00  0.00000000e+00
  -1.63920173e-01  0.00000000e+00  0.00000000e+00 -7.81556051e-02
   0.00000000e+00  0.00000000e+00 -1.07701631e-01 -1.03392826e-01
   2.09123715e-01  1.91123863e-01  7.90654108e-01  3.56625445e-02
   0.00000000e+00  0.00000000e+00 -4.53377991e-02  0.00000000e+00
   0.00000000e+00 -1.59753439e-01]
 [ 0.00000000e+00  0.00000000e+00  0.00000000e+00  0.00000000e+00
   0.00000000e+00  0.00000000e+00  0.00000000e+00  0.00000000e+00
  -1.63920173e-01  0.00000000e+00  0.00000000e+00 -7.81556051e-02
   0.00000000e+00  0.00000000e+00 -1.03392826e-01 -1.07701631e-01
   1.91123863e-01  2.09123715e-01  3.56625445e-02  7.90654108e-01
   0.00000000e+00  0.00000000e+00 -4.53377991e-02  0.00000000e+00
   0.00000000e+00 -1.59753439e-01]
 [ 0.00000000e+00  0.00000000e+00  0.00000000e+00  0.00000000e+00
   0.00000000e+00  0.00000000e+00  0.00000000e+00  0.00000000e+00
   0.00000000e+00 -1.63875996e-01 -3.49410005e-02  0.00000000e+00
   1.76804452e-01  0.00000000e+00  0.00000000e+00  0.00000000e+00
   0.00000000e+00  0.00000000e+00  0.00000000e+00  0.00000000e+00
   8.96156047e-01  1.58804600e-01  0.00000000e+00 -6.17011677e-02
  -1.63875996e-01  0.00000000e+00]
 [ 0.00000000e+00  0.00000000e+00  0.00000000e+00  0.00000000e+00
   0.00000000e+00  0.00000000e+00  0.00000000e+00  0.00000000e+00
   0.00000000e+00 -3.49410005e-02 -1.63875996e-01  0.00000000e+00
   0.00000000e+00  1.76804452e-01  0.00000000e+00  0.00000000e+00
   0.00000000e+00  0.00000000e+00  0.00000000e+00  0.00000000e+00
   1.58804600e-01  8.96156047e-01  0.00000000e+00 -1.63875996e-01
  -6.17011677e-02  0.00000000e+00]
 [ 0.00000000e+00  0.00000000e+00  0.00000000e+00  0.00000000e+00
   0.00000000e+00  0.00000000e+00  0.00000000e+00  0.00000000e+00
   1.43096334e-01  0.00000000e+00  0.00000000e+00 -1.16125396e-04
   0.00000000e+00  0.00000000e+00 -9.11332960e-02 -9.11332960e-02
  -1.36471095e-01 -1.36471095e-01 -4.53377991e-02 -4.53377991e-02
   0.00000000e+00  0.00000000e+00  5.49707457e-01  0.00000000e+00
   0.00000000e+00  1.66513865e-01]
 [ 0.00000000e+00  0.00000000e+00  0.00000000e+00  0.00000000e+00
   0.00000000e+00  0.00000000e+00  0.00000000e+00  0.00000000e+00
   0.00000000e+00  1.58804600e-01  0.00000000e+00  0.00000000e+00
  -1.63875996e-01 -3.49410005e-02  0.00000000e+00  0.00000000e+00
   0.00000000e+00  0.00000000e+00  0.00000000e+00  0.00000000e+00
  -6.17011677e-02 -1.63875996e-01  0.00000000e+00  6.63792064e-01
   1.76804452e-01  0.00000000e+00]
 [ 0.00000000e+00  0.00000000e+00  0.00000000e+00  0.00000000e+00
   0.00000000e+00  0.00000000e+00  0.00000000e+00  0.00000000e+00
   0.00000000e+00  0.00000000e+00  1.58804600e-01  0.00000000e+00
  -3.49410005e-02 -1.63875996e-01  0.00000000e+00  0.00000000e+00
   0.00000000e+00  0.00000000e+00  0.00000000e+00  0.00000000e+00
  -1.63875996e-01 -6.17011677e-02  0.00000000e+00  1.76804452e-01
   6.63792064e-01  0.00000000e+00]
 [ 0.00000000e+00  0.00000000e+00  0.00000000e+00  0.00000000e+00
   0.00000000e+00  0.00000000e+00  0.00000000e+00  0.00000000e+00
  -6.29519310e-02  0.00000000e+00  0.00000000e+00  1.04024608e-01
   0.00000000e+00  0.00000000e+00  1.35877790e-01  1.35877790e-01
  -2.38756490e-02 -2.38756490e-02 -1.59753439e-01 -1.59753439e-01
   0.00000000e+00  0.00000000e+00  1.66513865e-01  0.00000000e+00
   0.00000000e+00  7.44275358e-01]]
final excitation energies [0.0845024  0.1097811  0.18422854 0.19358067 0.21497462 0.43450618
 0.52592908 0.52752539 0.55314589 0.59043824 0.61099727 0.62307356
 0.62993968 0.64175615 0.67777691 0.7390326  0.75053227 0.78138129
 0.80655628 0.8170279  0.82743787 0.88098299 0.88571983 1.1648139
 1.56155244 1.56228133]
final excitation energies [-1.89626408 -1.87098538 -1.79653794 -1.78718581 -1.76579186 -1.5462603
 -1.4548374  -1.45324109 -1.42762059 -1.39032824 -1.36976921 -1.35769292
 -1.3508268  -1.33901033 -1.30298957 -1.24173388 -1.23023421 -1.19938519
 -1.1742102  -1.16373858 -1.15332861 -1.09978349 -1.09504665 -0.81595258
 -0.41921404 -0.41848515]
eigenvector [ 4.91847775e-01 -4.64522945e-01 -5.08021423e-01  5.33121406e-01
  1.95922368e-17  4.68407394e-18  7.49973727e-17 -4.76280116e-20
  0.00000000e+00  0.00000000e+00  0.00000000e+00  0.00000000e+00
  0.00000000e+00  0.00000000e+00  0.00000000e+00  0.00000000e+00
  0.00000000e+00  0.00000000e+00  0.00000000e+00  0.00000000e+00
  0.00000000e+00  0.00000000e+00  0.00000000e+00  0.00000000e+00
  0.00000000e+00  0.00000000e+00]
