 ---------------------------------------------------------
                                                          
                      Using Pyscf:
                                                          
 ---------------------------------------------------------
                                                          
converged SCF energy = -1.79720283393641

System and Method:

    H 0 0 0
    H 0 0 1.5
    H 0 2.0 0
    H 0 2.0 1.5
    
Basis set                                      :       sto3g
Number of Orbitals                             :         4
Number of electrons                            :         4
Nuclear Repulsion                              :    1.6580885942 
Electronic SCF energy                          :   -3.4552914282 
SCF Energy                                     :   -1.7972028339
 AO->MO
 NElectrons:    2    2
 ecore:   0.00000000
 ERIs in the active-space:
(4, 4, 4, 4)    0.00204800 Mb
 n_orb:    4
 n_a  :    2
 n_b  :    2
 HF Energy:  -1.79720283
 Build reference state with    2 alpha and    2 beta electrons [0, 2, 1, 3]
 State    0:  -1.98076729 au  <S2>:  -0.00000000
 Form singlet GSD operators
 Number of operators:  66
           (1' 0  ) : 00 11 00 11 
           (2' 0  ) : 00 11 00 11 
           (3' 0  ) : 00 11 00 11 
           (2' 1  ) : 00 11 00 11 
           (3' 1  ) : 00 11 00 11 
           (3' 2  ) : 00 11 00 11 
     (0' 0' 1  0  ) : 1010 0110 1010 1001 
     (0' 0' 2  0  ) : 1010 0110 1010 1001 
     (0' 0' 3  0  ) : 1010 0110 1010 1001 
     (0' 0' 1  1  ) : 1010 1010 
     (0' 0' 2  1  ) : 1010 0110 1010 1001 
     (0' 0' 3  1  ) : 1010 0110 1010 1001 
     (0' 0' 2  2  ) : 1010 1010 
     (0' 0' 3  2  ) : 1010 0110 1010 1001 
     (0' 0' 3  3  ) : 1010 1010 
     (1' 0' 2  0  ) : 0000 1111 1010 0101 1001 0110 0000 1111 1010 0101 0110 1001 
     (1' 0' 2  0  ) : 1010 0101 1001 0110 1010 0101 0110 1001 
     (1' 0' 3  0  ) : 0000 1111 1010 0101 1001 0110 0000 1111 1010 0101 0110 1001 
     (1' 0' 3  0  ) : 1010 0101 1001 0110 1010 0101 0110 1001 
     (1' 0' 1  1  ) : 1010 1001 1010 0110 
     (1' 0' 2  1  ) : 0000 1111 1010 0101 1001 0110 0000 1111 1010 0101 0110 1001 
     (1' 0' 2  1  ) : 1010 0101 1001 0110 1010 0101 0110 1001 
     (1' 0' 3  1  ) : 0000 1111 1010 0101 1001 0110 0000 1111 1010 0101 0110 1001 
     (1' 0' 3  1  ) : 1010 0101 1001 0110 1010 0101 0110 1001 
     (1' 0' 2  2  ) : 1010 1001 1010 0110 
     (1' 0' 3  2  ) : 0000 1111 1010 0101 1001 0110 0000 1111 1010 0101 0110 1001 
     (1' 0' 3  2  ) : 1010 0101 1001 0110 1010 0101 0110 1001 
     (1' 0' 3  3  ) : 1010 1001 1010 0110 
     (2' 0' 3  0  ) : 0000 1111 1010 0101 1001 0110 0000 1111 1010 0101 0110 1001 
     (2' 0' 3  0  ) : 1010 0101 1001 0110 1010 0101 0110 1001 
     (2' 0' 1  1  ) : 1010 1001 1010 0110 
     (2' 0' 2  1  ) : 0000 1111 1010 0101 1001 0110 0000 1111 1010 0101 0110 1001 
     (2' 0' 2  1  ) : 1010 0101 1001 0110 1010 0101 0110 1001 
     (2' 0' 3  1  ) : 0000 1111 1010 0101 1001 0110 0000 1111 1010 0101 0110 1001 
     (2' 0' 3  1  ) : 1010 0101 1001 0110 1010 0101 0110 1001 
     (2' 0' 2  2  ) : 1010 1001 1010 0110 
     (2' 0' 3  2  ) : 0000 1111 1010 0101 1001 0110 0000 1111 1010 0101 0110 1001 
     (2' 0' 3  2  ) : 1010 0101 1001 0110 1010 0101 0110 1001 
     (2' 0' 3  3  ) : 1010 1001 1010 0110 
     (3' 0' 1  1  ) : 1010 1001 1010 0110 
     (3' 0' 2  1  ) : 0000 1111 1010 0101 1001 0110 0000 1111 1010 0101 0110 1001 
     (3' 0' 2  1  ) : 1010 0101 1001 0110 1010 0101 0110 1001 
     (3' 0' 3  1  ) : 0000 1111 1010 0101 1001 0110 0000 1111 1010 0101 0110 1001 
     (3' 0' 3  1  ) : 1010 0101 1001 0110 1010 0101 0110 1001 
     (3' 0' 2  2  ) : 1010 1001 1010 0110 
     (3' 0' 3  2  ) : 0000 1111 1010 0101 1001 0110 0000 1111 1010 0101 0110 1001 
     (3' 0' 3  2  ) : 1010 0101 1001 0110 1010 0101 0110 1001 
     (3' 0' 3  3  ) : 1010 1001 1010 0110 
     (1' 1' 2  1  ) : 1010 0110 1010 1001 
     (1' 1' 3  1  ) : 1010 0110 1010 1001 
     (1' 1' 2  2  ) : 1010 1010 
     (1' 1' 3  2  ) : 1010 0110 1010 1001 
     (1' 1' 3  3  ) : 1010 1010 
     (2' 1' 3  1  ) : 0000 1111 1010 0101 1001 0110 0000 1111 1010 0101 0110 1001 
     (2' 1' 3  1  ) : 1010 0101 1001 0110 1010 0101 0110 1001 
     (2' 1' 2  2  ) : 1010 1001 1010 0110 
     (2' 1' 3  2  ) : 0000 1111 1010 0101 1001 0110 0000 1111 1010 0101 0110 1001 
     (2' 1' 3  2  ) : 1010 0101 1001 0110 1010 0101 0110 1001 
     (2' 1' 3  3  ) : 1010 1001 1010 0110 
     (3' 1' 2  2  ) : 1010 1001 1010 0110 
     (3' 1' 3  2  ) : 0000 1111 1010 0101 1001 0110 0000 1111 1010 0101 0110 1001 
     (3' 1' 3  2  ) : 1010 0101 1001 0110 1010 0101 0110 1001 
     (3' 1' 3  3  ) : 1010 1001 1010 0110 
     (2' 2' 3  2  ) : 1010 0110 1010 1001 
     (2' 2' 3  3  ) : 1010 1010 
     (3' 2' 3  3  ) : 1010 1001 1010 0110 
 Reference Energy:  -1.79720283
 Generate Sparse Matrices for operators in pool
 Start ADAPT-VQE algorithm
 Now start to grow the ansatz




 --------------------------------------------------------------------------
                         ADAPT-VQE iteration:  0
 --------------------------------------------------------------------------
 Check each new operator for coupling
 Measure Operator Pool Gradients:
 Variance:      0.11039640
 Uncertainty:   0.33225954
   12   0.17468558      (0' 0' 2  2  ) : 1010 1010 
   14   0.14149142      (0' 0' 3  3  ) : 1010 1010 
   25   0.06554876      (1' 0' 3  2  ) : 0000 1111 1010 0101 1001 0110 0000 1111 1010 0101 0110 1001 
   26   0.32683865      (1' 0' 3  2  ) : 1010 0101 1001 0110 1010 0101 0110 1001 
   50   0.14758499      (1' 1' 2  2  ) : 1010 1010 
   52   0.19327818      (1' 1' 3  3  ) : 1010 1010 
 Norm of <[H,A]> =   0.46988594
 Max  of <[H,A]> =   0.32683865
 Add operator   26
 Iter:   0 Current Energy =  -1.8532318427197072 Gradient Norm    1.7e-02 Gradient Max    1.7e-02
 Iter:   1 Current Energy =  -1.8533798101100913 Gradient Norm    4.7e-04 Gradient Max    4.7e-04
 Iter:   2 Current Energy =  -1.8533799294913733 Gradient Norm    1.8e-06 Gradient Max    1.8e-06
 Iter:   3 Current Energy =  -1.8533799294930910 Gradient Norm    2.0e-10 Gradient Max    2.0e-10
 Finished:      -1.853379929493
 -----------New ansatz----------- 
    #        Coeff               Term
    0  -0.34476875      (1' 0' 3  2  ) : 1010 0101 1001 0110 1010 0101 0110 1001 




 --------------------------------------------------------------------------
                         ADAPT-VQE iteration:  1
 --------------------------------------------------------------------------
 Check each new operator for coupling
 Measure Operator Pool Gradients:
 Variance:      0.11370885
 Uncertainty:   0.33720743
   12   0.22764771      (0' 0' 2  2  ) : 1010 1010 
   14   0.20491905      (0' 0' 3  3  ) : 1010 1010 
   25   0.04632501      (1' 0' 3  2  ) : 0000 1111 1010 0101 1001 0110 0000 1111 1010 0101 0110 1001 
   33  -0.00118696      (2' 0' 3  1  ) : 0000 1111 1010 0101 1001 0110 0000 1111 1010 0101 0110 1001 
   34  -0.00068529      (2' 0' 3  1  ) : 1010 0101 1001 0110 1010 0101 0110 1001 
   40  -0.00362165      (3' 0' 2  1  ) : 0000 1111 1010 0101 1001 0110 0000 1111 1010 0101 0110 1001 
   41  -0.00209096      (3' 0' 2  1  ) : 1010 0101 1001 0110 1010 0101 0110 1001 
   50   0.21065404      (1' 1' 2  2  ) : 1010 1010 
   52   0.24514620      (1' 1' 3  3  ) : 1010 1010 
 Norm of <[H,A]> =   0.44771917
 Max  of <[H,A]> =   0.24514620
 Add operator   52
 Iter:   0 Current Energy =  -1.8935326689726619 Gradient Norm    8.3e-02 Gradient Max    8.0e-02
 Iter:   1 Current Energy =  -1.8987167944138068 Gradient Norm    2.9e-03 Gradient Max    2.8e-03
 Iter:   2 Current Energy =  -1.8987224935524438 Gradient Norm    1.5e-05 Gradient Max    1.4e-05
 Iter:   3 Current Energy =  -1.8987224936823683 Gradient Norm    2.3e-07 Gradient Max    2.3e-07
 Iter:   4 Current Energy =  -1.8987224936823950 Gradient Norm    1.3e-10 Gradient Max    1.0e-10
 Finished:      -1.898722493682
 -----------New ansatz----------- 
    #        Coeff               Term
    0  -0.36475621      (1' 1' 3  3  ) : 1010 1010 
    1  -0.37956871      (1' 0' 3  2  ) : 1010 0101 1001 0110 1010 0101 0110 1001 




 --------------------------------------------------------------------------
                         ADAPT-VQE iteration:  2
 --------------------------------------------------------------------------
 Check each new operator for coupling
 Measure Operator Pool Gradients:
 Variance:      0.06291898
 Uncertainty:   0.25083656
    9  -0.04274714      (0' 0' 1  1  ) : 1010 1010 
   12   0.25298498      (0' 0' 2  2  ) : 1010 1010 
   14   0.15057948      (0' 0' 3  3  ) : 1010 1010 
   25  -0.02635286      (1' 0' 3  2  ) : 0000 1111 1010 0101 1001 0110 0000 1111 1010 0101 0110 1001 
   26   0.01820201      (1' 0' 3  2  ) : 1010 0101 1001 0110 1010 0101 0110 1001 
   33   0.00023152      (2' 0' 3  1  ) : 0000 1111 1010 0101 1001 0110 0000 1111 1010 0101 0110 1001 
   34   0.00013367      (2' 0' 3  1  ) : 1010 0101 1001 0110 1010 0101 0110 1001 
   40   0.05114929      (3' 0' 2  1  ) : 0000 1111 1010 0101 1001 0110 0000 1111 1010 0101 0110 1001 
   41   0.03817345      (3' 0' 2  1  ) : 1010 0101 1001 0110 1010 0101 0110 1001 
   50   0.14959286      (1' 1' 2  2  ) : 1010 1010 
   64   0.04250540      (2' 2' 3  3  ) : 1010 1010 
 Norm of <[H,A]> =   0.34320103
 Max  of <[H,A]> =   0.25298498
 Ansatz Growth Converged!
 Number of operators in ansatz:  2
 *Finished:      -1.898722493682
 -----------Final ansatz----------- 
    #        Coeff               Term
    0  -0.36475621      (1' 1' 3  3  ) : 1010 1010 
    1  -0.37956871      (1' 0' 3  2  ) : 1010 0101 1001 0110 1010 0101 0110 1001 
 Final ADAPT-VQE energy:  -1.89872249
 <S^2> of final state  :   0.00000000
barH based energy diff=0? 6.661338147750939e-16
M [[ 3.54845033e-01  1.25616348e-01  0.00000000e+00  0.00000000e+00
   0.00000000e+00  0.00000000e+00 -8.11410895e-02  1.18088735e-01
   0.00000000e+00  0.00000000e+00  0.00000000e+00  0.00000000e+00
   0.00000000e+00  0.00000000e+00  0.00000000e+00  0.00000000e+00
   0.00000000e+00  0.00000000e+00  0.00000000e+00  0.00000000e+00
   0.00000000e+00  0.00000000e+00  0.00000000e+00  0.00000000e+00
   0.00000000e+00  0.00000000e+00]
 [ 1.25616348e-01  3.54845033e-01  0.00000000e+00  0.00000000e+00
   0.00000000e+00  0.00000000e+00  1.18088735e-01 -8.11410895e-02
   0.00000000e+00  0.00000000e+00  0.00000000e+00  0.00000000e+00
   0.00000000e+00  0.00000000e+00  0.00000000e+00  0.00000000e+00
   0.00000000e+00  0.00000000e+00  0.00000000e+00  0.00000000e+00
   0.00000000e+00  0.00000000e+00  0.00000000e+00  0.00000000e+00
   0.00000000e+00  0.00000000e+00]
 [ 0.00000000e+00  0.00000000e+00  4.81887684e-01  1.07223068e-01
  -8.88041037e-02  1.02174829e-01  0.00000000e+00  0.00000000e+00
   0.00000000e+00  0.00000000e+00  0.00000000e+00  0.00000000e+00
   0.00000000e+00  0.00000000e+00  0.00000000e+00  0.00000000e+00
   0.00000000e+00  0.00000000e+00  0.00000000e+00  0.00000000e+00
   0.00000000e+00  0.00000000e+00  0.00000000e+00  0.00000000e+00
   0.00000000e+00  0.00000000e+00]
 [ 0.00000000e+00  0.00000000e+00  1.07223068e-01  4.81887684e-01
   1.02174829e-01 -8.88041037e-02  0.00000000e+00  0.00000000e+00
   0.00000000e+00  0.00000000e+00  0.00000000e+00  0.00000000e+00
   0.00000000e+00  0.00000000e+00  0.00000000e+00  0.00000000e+00
   0.00000000e+00  0.00000000e+00  0.00000000e+00  0.00000000e+00
   0.00000000e+00  0.00000000e+00  0.00000000e+00  0.00000000e+00
   0.00000000e+00  0.00000000e+00]
 [ 0.00000000e+00  0.00000000e+00 -8.88041037e-02  1.02174829e-01
   2.51100982e-01  1.11377607e-01  0.00000000e+00  0.00000000e+00
   0.00000000e+00  0.00000000e+00  0.00000000e+00  0.00000000e+00
   0.00000000e+00  0.00000000e+00  0.00000000e+00  0.00000000e+00
   0.00000000e+00  0.00000000e+00  0.00000000e+00  0.00000000e+00
   0.00000000e+00  0.00000000e+00  0.00000000e+00  0.00000000e+00
   0.00000000e+00  0.00000000e+00]
 [ 0.00000000e+00  0.00000000e+00  1.02174829e-01 -8.88041037e-02
   1.11377607e-01  2.51100982e-01  0.00000000e+00  0.00000000e+00
   0.00000000e+00  0.00000000e+00  0.00000000e+00  0.00000000e+00
   0.00000000e+00  0.00000000e+00  0.00000000e+00  0.00000000e+00
   0.00000000e+00  0.00000000e+00  0.00000000e+00  0.00000000e+00
   0.00000000e+00  0.00000000e+00  0.00000000e+00  0.00000000e+00
   0.00000000e+00  0.00000000e+00]
 [-8.11410895e-02  1.18088735e-01  0.00000000e+00  0.00000000e+00
   0.00000000e+00  0.00000000e+00  3.85756622e-01  1.20850005e-01
   0.00000000e+00  0.00000000e+00  0.00000000e+00  0.00000000e+00
   0.00000000e+00  0.00000000e+00  0.00000000e+00  0.00000000e+00
   0.00000000e+00  0.00000000e+00  0.00000000e+00  0.00000000e+00
   0.00000000e+00  0.00000000e+00  0.00000000e+00  0.00000000e+00
   0.00000000e+00  0.00000000e+00]
 [ 1.18088735e-01 -8.11410895e-02  0.00000000e+00  0.00000000e+00
   0.00000000e+00  0.00000000e+00  1.20850005e-01  3.85756622e-01
   0.00000000e+00  0.00000000e+00  0.00000000e+00  0.00000000e+00
   0.00000000e+00  0.00000000e+00  0.00000000e+00  0.00000000e+00
   0.00000000e+00  0.00000000e+00  0.00000000e+00  0.00000000e+00
   0.00000000e+00  0.00000000e+00  0.00000000e+00  0.00000000e+00
   0.00000000e+00  0.00000000e+00]
 [ 0.00000000e+00  0.00000000e+00  0.00000000e+00  0.00000000e+00
   0.00000000e+00  0.00000000e+00  0.00000000e+00  0.00000000e+00
   6.96277205e-01  0.00000000e+00  0.00000000e+00  1.44337316e-01
   0.00000000e+00  0.00000000e+00  1.17844357e-01  1.17844357e-01
  -4.45150595e-02 -4.45150595e-02 -1.62359416e-01 -1.62359416e-01
   0.00000000e+00  0.00000000e+00  1.28031913e-01  0.00000000e+00
   0.00000000e+00  6.93889390e-18]
 [ 0.00000000e+00  0.00000000e+00  0.00000000e+00  0.00000000e+00
   0.00000000e+00  0.00000000e+00  0.00000000e+00  0.00000000e+00
   0.00000000e+00  8.24206262e-01  1.76804452e-01  0.00000000e+00
  -6.17011677e-02 -1.63875996e-01  0.00000000e+00  0.00000000e+00
   0.00000000e+00  0.00000000e+00  0.00000000e+00  0.00000000e+00
  -1.63875996e-01 -3.49410005e-02  0.00000000e+00  1.58804600e-01
   0.00000000e+00  0.00000000e+00]
 [ 0.00000000e+00  0.00000000e+00  0.00000000e+00  0.00000000e+00
   0.00000000e+00  0.00000000e+00  0.00000000e+00  0.00000000e+00
   0.00000000e+00  1.76804452e-01  8.24206262e-01  0.00000000e+00
  -1.63875996e-01 -6.17011677e-02  0.00000000e+00  0.00000000e+00
   0.00000000e+00  0.00000000e+00  0.00000000e+00  0.00000000e+00
  -3.49410005e-02 -1.63875996e-01  0.00000000e+00  0.00000000e+00
   1.58804600e-01  0.00000000e+00]
 [ 0.00000000e+00  0.00000000e+00  0.00000000e+00  0.00000000e+00
   0.00000000e+00  0.00000000e+00  0.00000000e+00  0.00000000e+00
   1.44337316e-01  0.00000000e+00  0.00000000e+00  9.12469789e-01
   0.00000000e+00  0.00000000e+00 -1.02174829e-01 -1.02174829e-01
  -1.67608031e-01 -1.67608031e-01 -6.54332023e-02 -6.54332023e-02
   0.00000000e+00  0.00000000e+00  0.00000000e+00  0.00000000e+00
   0.00000000e+00  1.79071476e-01]
 [ 0.00000000e+00  0.00000000e+00  0.00000000e+00  0.00000000e+00
   0.00000000e+00  0.00000000e+00  0.00000000e+00  0.00000000e+00
   0.00000000e+00 -6.17011677e-02 -1.63875996e-01  0.00000000e+00
   5.89917980e-01  1.58804600e-01  0.00000000e+00  0.00000000e+00
   0.00000000e+00  0.00000000e+00  0.00000000e+00  0.00000000e+00
   1.76804452e-01  0.00000000e+00  0.00000000e+00 -1.63875996e-01
  -3.49410005e-02  0.00000000e+00]
 [ 0.00000000e+00  0.00000000e+00  0.00000000e+00  0.00000000e+00
   0.00000000e+00  0.00000000e+00  0.00000000e+00  0.00000000e+00
   0.00000000e+00 -1.63875996e-01 -6.17011677e-02  0.00000000e+00
   1.58804600e-01  5.89917980e-01  0.00000000e+00  0.00000000e+00
   0.00000000e+00  0.00000000e+00  0.00000000e+00  0.00000000e+00
   0.00000000e+00  1.76804452e-01  0.00000000e+00 -3.49410005e-02
  -1.63875996e-01  0.00000000e+00]
 [ 0.00000000e+00  0.00000000e+00  0.00000000e+00  0.00000000e+00
   0.00000000e+00  0.00000000e+00  0.00000000e+00  0.00000000e+00
   1.17844357e-01  0.00000000e+00  0.00000000e+00 -1.02174829e-01
   0.00000000e+00  0.00000000e+00  5.97528193e-01  0.00000000e+00
   1.27059271e-01  1.13912317e-01 -1.13967390e-01 -1.09658585e-01
   0.00000000e+00  0.00000000e+00 -1.02174829e-01  0.00000000e+00
   0.00000000e+00  1.31495866e-01]
 [ 0.00000000e+00  0.00000000e+00  0.00000000e+00  0.00000000e+00
   0.00000000e+00  0.00000000e+00  0.00000000e+00  0.00000000e+00
   1.17844357e-01  0.00000000e+00  0.00000000e+00 -1.02174829e-01
   0.00000000e+00  0.00000000e+00  0.00000000e+00  5.97528193e-01
   1.13912317e-01  1.27059271e-01 -1.09658585e-01 -1.13967390e-01
   0.00000000e+00  0.00000000e+00 -1.02174829e-01  0.00000000e+00
   0.00000000e+00  1.31495866e-01]
 [ 0.00000000e+00  0.00000000e+00  0.00000000e+00  0.00000000e+00
   0.00000000e+00  0.00000000e+00  0.00000000e+00  0.00000000e+00
  -4.45150595e-02  0.00000000e+00  0.00000000e+00 -1.67608031e-01
   0.00000000e+00  0.00000000e+00  1.27059271e-01  1.13912317e-01
   7.17253853e-01 -1.14754971e-02  1.74937995e-01  1.56938143e-01
   0.00000000e+00  0.00000000e+00 -1.66516478e-01  0.00000000e+00
   0.00000000e+00 -1.67448125e-02]
 [ 0.00000000e+00  0.00000000e+00  0.00000000e+00  0.00000000e+00
   0.00000000e+00  0.00000000e+00  0.00000000e+00  0.00000000e+00
  -4.45150595e-02  0.00000000e+00  0.00000000e+00 -1.67608031e-01
   0.00000000e+00  0.00000000e+00  1.13912317e-01  1.27059271e-01
  -1.14754971e-02  7.17253853e-01  1.56938143e-01  1.74937995e-01
   0.00000000e+00  0.00000000e+00 -1.66516478e-01  0.00000000e+00
   0.00000000e+00 -1.67448125e-02]
 [ 0.00000000e+00  0.00000000e+00  0.00000000e+00  0.00000000e+00
   0.00000000e+00  0.00000000e+00  0.00000000e+00  0.00000000e+00
  -1.62359416e-01  0.00000000e+00  0.00000000e+00 -6.54332023e-02
   0.00000000e+00  0.00000000e+00 -1.13967390e-01 -1.09658585e-01
   1.74937995e-01  1.56938143e-01  6.80690160e-01  7.74258285e-03
   0.00000000e+00  0.00000000e+00 -6.43416490e-02  0.00000000e+00
   0.00000000e+00 -1.48240678e-01]
 [ 0.00000000e+00  0.00000000e+00  0.00000000e+00  0.00000000e+00
   0.00000000e+00  0.00000000e+00  0.00000000e+00  0.00000000e+00
  -1.62359416e-01  0.00000000e+00  0.00000000e+00 -6.54332023e-02
   0.00000000e+00  0.00000000e+00 -1.09658585e-01 -1.13967390e-01
   1.56938143e-01  1.74937995e-01  7.74258285e-03  6.80690160e-01
   0.00000000e+00  0.00000000e+00 -6.43416490e-02  0.00000000e+00
   0.00000000e+00 -1.48240678e-01]
 [ 0.00000000e+00  0.00000000e+00  0.00000000e+00  0.00000000e+00
   0.00000000e+00  0.00000000e+00  0.00000000e+00  0.00000000e+00
   0.00000000e+00 -1.63875996e-01 -3.49410005e-02  0.00000000e+00
   1.76804452e-01  0.00000000e+00  0.00000000e+00  0.00000000e+00
   0.00000000e+00  0.00000000e+00  0.00000000e+00  0.00000000e+00
   8.14112060e-01  1.58804600e-01  0.00000000e+00 -6.17011677e-02
  -1.63875996e-01  0.00000000e+00]
 [ 0.00000000e+00  0.00000000e+00  0.00000000e+00  0.00000000e+00
   0.00000000e+00  0.00000000e+00  0.00000000e+00  0.00000000e+00
   0.00000000e+00 -3.49410005e-02 -1.63875996e-01  0.00000000e+00
   0.00000000e+00  1.76804452e-01  0.00000000e+00  0.00000000e+00
   0.00000000e+00  0.00000000e+00  0.00000000e+00  0.00000000e+00
   1.58804600e-01  8.14112060e-01  0.00000000e+00 -1.63875996e-01
  -6.17011677e-02  0.00000000e+00]
 [ 0.00000000e+00  0.00000000e+00  0.00000000e+00  0.00000000e+00
   0.00000000e+00  0.00000000e+00  0.00000000e+00  0.00000000e+00
   1.28031913e-01  0.00000000e+00  0.00000000e+00  0.00000000e+00
   0.00000000e+00  0.00000000e+00 -1.02174829e-01 -1.02174829e-01
  -1.66516478e-01 -1.66516478e-01 -6.43416490e-02 -6.43416490e-02
   0.00000000e+00  0.00000000e+00  4.45817524e-01  0.00000000e+00
   0.00000000e+00  1.97574986e-01]
 [ 0.00000000e+00  0.00000000e+00  0.00000000e+00  0.00000000e+00
   0.00000000e+00  0.00000000e+00  0.00000000e+00  0.00000000e+00
   0.00000000e+00  1.58804600e-01  0.00000000e+00  0.00000000e+00
  -1.63875996e-01 -3.49410005e-02  0.00000000e+00  0.00000000e+00
   0.00000000e+00  0.00000000e+00  0.00000000e+00  0.00000000e+00
  -6.17011677e-02 -1.63875996e-01  0.00000000e+00  5.81748078e-01
   1.76804452e-01  0.00000000e+00]
 [ 0.00000000e+00  0.00000000e+00  0.00000000e+00  0.00000000e+00
   0.00000000e+00  0.00000000e+00  0.00000000e+00  0.00000000e+00
   0.00000000e+00  0.00000000e+00  1.58804600e-01  0.00000000e+00
  -3.49410005e-02 -1.63875996e-01  0.00000000e+00  0.00000000e+00
   0.00000000e+00  0.00000000e+00  0.00000000e+00  0.00000000e+00
  -1.63875996e-01 -6.17011677e-02  0.00000000e+00  1.76804452e-01
   5.81748078e-01  0.00000000e+00]
 [ 0.00000000e+00  0.00000000e+00  0.00000000e+00  0.00000000e+00
   0.00000000e+00  0.00000000e+00  0.00000000e+00  0.00000000e+00
  -6.93889390e-18  0.00000000e+00  0.00000000e+00  1.79071476e-01
   0.00000000e+00  0.00000000e+00  1.31495866e-01  1.31495866e-01
  -1.67448125e-02 -1.67448125e-02 -1.48240678e-01 -1.48240678e-01
   0.00000000e+00  0.00000000e+00  1.97574986e-01  0.00000000e+00
   0.00000000e+00  7.47204628e-01]]
final excitation energies [0.03297914 0.04704077 0.10478791 0.11153669 0.13293063 0.36169248
 0.44709453 0.45434189 0.48140885 0.51484402 0.52895328 0.53272612
 0.54102957 0.58989686 0.59573292 0.65698861 0.66848828 0.69933731
 0.72251677 0.73498392 0.77680303 0.798939   0.80367584 1.0769659
 1.46466018 1.47950846]
eigenvector [ 5.21819616e-01 -4.08181219e-01 -4.77183705e-01  5.77397690e-01
 -3.27695736e-17 -1.06236578e-17 -7.58047599e-17  1.31155875e-18
  0.00000000e+00  0.00000000e+00  0.00000000e+00  0.00000000e+00
  0.00000000e+00  0.00000000e+00  0.00000000e+00  0.00000000e+00
  0.00000000e+00  0.00000000e+00  0.00000000e+00  0.00000000e+00
  0.00000000e+00  0.00000000e+00  0.00000000e+00  0.00000000e+00
  0.00000000e+00  0.00000000e+00]
